<path d="M1344 7796 c-20 -31 -34 -59 -31 -62 3 -4 22 19 42 51 20 31 34 59
32 62 -3 3 -22 -20 -43 -51z" data-d="0.701"/>
<path d="M1485 7764 c-68 -102 -175 -305 -175 -331 0 -10 31 41 68 113 38 72
92 166 120 209 29 43 51 83 49 88 -1 5 -29 -31 -62 -79z" data-d="0.683"/>
<path d="M1678 7808 c-173 -214 -289 -503 -320 -792 -13 -132 -4 -216 35 -299
29 -62 83 -137 98 -137 6 0 -3 18 -20 39 -17 21 -46 70 -64 108 -31 66 -32 71
-32 203 0 104 5 158 23 238 54 241 144 439 280 615 52 66 52 89 0 25z" data-d="0.671"/>
<path d="M1899 7803 c-164 -177 -276 -394 -334 -646 -42 -184 -38 -305 15
-414 31 -63 116 -163 139 -163 8 0 -11 25 -41 55 -140 141 -159 305 -73 606
60 206 161 394 292 538 30 34 53 64 51 67 -3 2 -25 -17 -49 -43z" data-d="0.651"/>
<path d="M2087 7748 c-187 -187 -297 -392 -353 -656 -36 -172 -13 -296 71
-390 50 -55 147 -126 165 -120 7 2 -15 20 -47 41 -75 46 -128 103 -160 174
-36 77 -39 156 -14 279 58 280 167 483 364 677 54 53 94 97 87 97 -6 0 -57
-46 -113 -102z" data-d="0.627"/>
<path d="M2410 7801 c-185 -120 -315 -265 -406 -456 -73 -153 -98 -246 -98
-370 -1 -128 17 -179 93 -259 58 -60 181 -141 203 -134 7 3 -16 20 -52 39 -83
44 -165 119 -198 183 -25 47 -27 59 -26 171 0 132 20 211 89 362 75 163 232
340 400 449 47 30 85 57 85 60 0 11 -20 1 -90 -45z" data-d="0.608"/>
<path d="M2860 7831 c-197 -42 -363 -135 -506 -283 -128 -132 -194 -241 -240
-395 -62 -212 -15 -381 136 -481 81 -54 230 -109 230 -85 0 5 -23 15 -51 21
-129 30 -246 119 -295 224 -25 54 -29 75 -28 148 2 326 282 680 634 802 67 23
181 48 220 48 16 0 32 5 35 10 9 15 -37 11 -135 -9z" data-d="0.580"/>
<path d="M3215 7808 c-49 -22 -161 -64 -249 -94 -252 -87 -347 -143 -486 -283
-94 -96 -138 -163 -178 -273 -23 -62 -27 -89 -27 -183 0 -100 2 -115 27 -161
48 -91 132 -150 274 -192 39 -12 78 -29 86 -39 55 -61 51 -338 -8 -537 -14
-50 -19 -94 -8 -84 12 13 55 196 65 283 13 107 7 257 -14 306 -19 47 -56 74
-120 89 -213 50 -316 192 -287 399 27 194 160 384 361 515 104 67 137 82 343
153 153 53 326 126 326 137 0 10 -11 6 -105 -36z" data-d="0.553"/>
<path d="M3389 7796 c-164 -84 -503 -281 -624 -361 -215 -143 -312 -275 -322
-439 -9 -141 24 -205 157 -296 68 -46 93 -70 109 -103 62 -128 53 -385 -24
-662 -34 -123 -54 -226 -42 -215 6 6 74 257 93 345 26 119 38 314 25 400 -17
121 -51 180 -136 238 -137 94 -169 144 -169 262 1 165 88 297 287 438 76 55
443 268 630 366 75 40 137 75 137 77 0 10 -24 0 -121 -50z" data-d="0.541"/>
<path d="M4136 7841 c5 -5 52 -26 104 -46 244 -93 522 -287 575 -400 23 -50
24 -113 1 -147 -31 -48 -90 -68 -198 -68 -136 0 -241 21 -466 95 -309 101
-403 117 -536 91 -164 -32 -329 -143 -428 -288 -91 -135 -108 -214 -113 -512
-4 -236 -11 -320 -47 -566 -25 -169 -29 -394 -10 -485 52 -240 125 -361 351
-585 164 -162 211 -225 255 -342 39 -104 56 -206 56 -341 0 -147 -20 -272 -59
-373 -69 -178 -166 -292 -362 -429 -233 -161 -274 -192 -345 -258 -90 -84
-155 -168 -204 -267 -41 -84 -75 -178 -66 -187 3 -3 9 3 12 13 64 182 135 298
248 409 80 78 119 107 356 271 317 218 434 438 435 814 0 192 -17 274 -87 420
-49 103 -54 108 -218 270 -234 231 -303 346 -352 580 -26 121 -20 298 17 555
20 138 28 245 34 460 5 154 14 305 21 335 20 91 85 212 156 289 79 85 150 133
257 174 75 29 92 31 197 31 118 0 195 -15 335 -64 265 -93 425 -130 571 -130
239 0 300 182 117 350 -118 108 -364 254 -531 314 -79 28 -91 31 -76 17z" data-d="0.515"/>
<path d="M4301 7843 c0 -5 62 -38 137 -75 312 -153 473 -272 533 -393 27 -55
31 -73 27 -118 -8 -99 -72 -151 -206 -167 -147 -19 -327 18 -632 128 -213 77
-315 102 -412 102 -237 -1 -445 -153 -543 -397 -36 -89 -53 -193 -60 -363 -7
-166 -25 -355 -51 -540 -24 -174 -22 -366 4 -463 29 -105 105 -283 152 -356
22 -33 92 -116 156 -183 130 -138 181 -207 229 -312 117 -251 123 -617 15
-895 -40 -103 -133 -244 -203 -306 -28 -26 -135 -103 -237 -170 -334 -220
-451 -363 -525 -640 -14 -55 -29 -108 -31 -117 -3 -10 -1 -18 3 -18 5 0 24 54
42 120 56 204 131 333 263 455 67 60 135 109 379 268 237 155 370 401 399 741
16 189 -10 379 -75 539 -44 106 -112 201 -247 345 -73 77 -148 165 -167 197
-41 67 -104 220 -134 325 -31 108 -29 300 6 570 15 113 32 300 37 415 11 244
27 322 92 448 52 102 165 220 248 260 120 58 252 71 398 41 42 -9 161 -47 265
-85 104 -38 223 -78 265 -88 356 -90 588 -27 587 159 -1 164 -162 309 -574
517 -122 62 -142 70 -140 56z" data-d="0.510"/>
<path d="M4430 7845 c0 -2 75 -42 168 -89 205 -105 276 -151 368 -238 135
-129 174 -254 111 -361 -54 -92 -152 -132 -322 -130 -135 1 -270 31 -500 109
-328 112 -340 115 -460 121 -164 8 -260 -24 -361 -119 -65 -61 -107 -125 -146
-221 -46 -112 -57 -178 -68 -377 -5 -102 -16 -237 -25 -300 -62 -464 -58 -572
31 -759 45 -96 102 -176 210 -292 166 -180 234 -286 287 -446 70 -211 97 -500
67 -713 -34 -245 -137 -476 -271 -610 -27 -27 -108 -86 -181 -131 -202 -125
-247 -157 -322 -228 -108 -104 -173 -209 -219 -356 -32 -104 -41 -145 -30
-145 5 0 17 32 26 71 59 244 175 401 412 554 260 168 315 208 353 253 174 211
262 481 262 809 0 217 -47 446 -124 608 -55 115 -119 204 -241 335 -166 180
-247 323 -276 486 -16 92 -7 286 25 519 14 105 27 210 30 235 2 25 3 -20 1
-100 -1 -95 0 -128 5 -95 5 28 9 141 9 253 1 143 6 226 17 280 70 340 284 514
581 472 54 -8 167 -41 316 -92 342 -117 409 -132 592 -133 144 0 152 1 210 28
74 35 100 59 132 121 37 73 31 161 -17 241 -79 130 -209 230 -477 364 -160 80
-173 85 -173 76z" data-d="0.508"/>
<path d="M4561 7843 c0 -5 55 -35 122 -68 365 -181 525 -361 496 -558 -21
-138 -145 -229 -332 -243 -157 -12 -341 24 -680 135 -252 83 -359 102 -470 83
-40 -7 -95 -24 -124 -38 -109 -53 -215 -213 -248 -376 -10 -53 -15 -135 -15
-266 0 -127 -5 -219 -16 -281 -19 -109 -13 -134 7 -31 14 70 14 68 15 -152 2
-252 15 -355 64 -491 38 -105 75 -166 196 -328 152 -204 234 -401 274 -664 40
-263 37 -443 -10 -678 -69 -337 -194 -546 -407 -676 -316 -194 -391 -255 -462
-375 -51 -85 -114 -276 -92 -276 4 0 17 36 29 80 42 155 118 274 232 363 36
29 136 94 223 146 174 105 253 174 325 285 110 169 184 433 207 736 11 137
-27 461 -71 610 -26 90 -132 345 -201 484 -34 71 -63 134 -63 141 0 7 -14 46
-31 86 -17 40 -43 116 -56 168 l-26 96 2 465 c2 504 5 539 58 647 68 139 214
216 378 199 33 -3 177 -40 320 -81 359 -102 438 -118 610 -119 129 -1 146 1
223 28 200 68 314 199 340 388 l9 63 8 -48 c17 -104 -10 -178 -101 -276 -69
-75 -172 -128 -319 -167 -91 -24 -111 -26 -225 -21 -145 7 -253 30 -517 111
-257 78 -328 91 -415 77 -168 -28 -273 -137 -313 -328 -12 -55 -14 -140 -9
-448 3 -209 10 -409 15 -445 16 -105 45 -182 155 -412 58 -119 120 -258 140
-309 42 -108 98 -321 114 -436 7 -46 17 -83 22 -83 21 0 -35 270 -93 445 -22
66 -89 221 -149 345 -126 261 -165 368 -179 502 -6 54 -11 254 -11 446 0 316
2 356 20 427 24 93 54 149 110 199 70 63 120 80 235 80 107 -1 110 -1 407 -92
247 -76 349 -95 503 -96 121 -1 137 1 235 32 139 44 214 88 287 165 97 104
128 199 100 304 -38 142 -206 344 -386 465 -57 38 -106 66 -109 63 -3 -3 -3
-6 -1 -8 2 -2 44 -30 94 -63 100 -66 245 -203 294 -279 73 -114 79 -234 17
-359 -44 -90 -102 -146 -199 -192 -119 -56 -183 -67 -332 -61 -154 7 -260 28
-518 104 -300 87 -338 95 -447 91 -77 -2 -106 -8 -152 -30 -115 -54 -197 -173
-222 -324 -10 -59 -13 -197 -12 -544 l2 -465 26 -85 c15 -47 29 -94 33 -105 3
-11 -3 -3 -15 18 -12 22 -24 37 -26 34 -3 -3 42 -100 100 -216 59 -116 104
-211 102 -211 -14 0 -179 240 -217 317 -95 188 -108 285 -110 843 -1 453 3
493 66 625 47 97 111 167 190 206 53 26 80 32 154 37 119 6 185 -7 436 -89
343 -112 399 -123 605 -124 l175 0 67 33 c122 60 184 161 176 286 -6 95 -45
165 -147 266 -88 87 -193 156 -386 255 -89 45 -106 51 -104 38z" data-d="0.504"/>
<path d="M4690 7843 c0 -5 37 -28 82 -53 236 -129 406 -271 463 -385 61 -123
32 -273 -71 -364 -52 -46 -136 -87 -206 -102 -29 -7 -105 -9 -177 -7 -151 6
-313 40 -601 128 -241 73 -294 83 -406 78 -70 -3 -101 -9 -147 -30 -111 -52
-205 -184 -243 -343 -13 -57 -15 -104 -11 -260 3 -104 2 -262 -3 -350 -5 -98
-5 -164 1 -169 11 -12 9 -45 18 414 6 315 10 372 25 415 37 101 61 141 125
206 84 84 136 104 266 103 103 -2 156 -13 380 -83 346 -107 633 -152 766 -121
204 48 332 183 332 352 0 156 -125 304 -398 470 -169 103 -195 116 -195 101z" data-d="0.502"/>
<path d="M4815 7835 c11 -9 81 -56 155 -106 74 -49 152 -103 172 -121 21 -17
40 -29 43 -26 9 9 -129 115 -245 189 -108 68 -169 100 -125 64z" data-d="0.499"/>
<path d="M5010 7843 c1 -5 40 -35 88 -68 106 -73 266 -230 309 -305 99 -169
72 -343 -76 -490 -109 -108 -229 -157 -443 -180 -181 -20 -329 2 -668 101
-197 57 -223 62 -315 63 -90 1 -106 -2 -157 -27 -103 -51 -167 -149 -189 -292
-6 -37 -6 -193 0 -415 11 -429 14 -443 150 -755 109 -247 146 -353 192 -535
21 -83 35 -125 37 -108 8 66 -84 352 -194 603 -159 367 -152 332 -166 795 -12
407 -9 453 42 556 34 69 80 112 156 145 40 18 61 21 143 16 79 -3 134 -15 306
-65 319 -92 350 -97 565 -96 157 1 197 4 264 22 210 58 349 174 407 340 16 44
20 75 17 139 -6 124 -51 207 -182 339 -56 55 -140 129 -189 162 -89 63 -97 68
-97 55z" data-d="0.500"/>
<path d="M5110 7843 c0 -4 8 -13 19 -20 51 -32 227 -192 271 -245 134 -167
160 -348 73 -511 -45 -84 -146 -178 -244 -226 -140 -69 -215 -84 -419 -84
-198 0 -318 19 -570 92 -75 21 -177 46 -228 56 -85 17 -96 17 -156 2 -109 -27
-171 -78 -216 -179 -35 -79 -41 -167 -30 -435 15 -369 27 -428 141 -715 68
-171 128 -348 170 -508 7 -25 14 -38 16 -29 9 40 -72 295 -177 559 -103 256
-117 328 -132 682 -13 302 -7 369 38 462 46 95 147 156 258 156 51 0 95 -10
411 -94 192 -51 309 -68 469 -68 344 0 579 118 693 349 37 75 38 80 38 184 0
106 0 107 -43 191 -51 101 -131 192 -266 303 -99 82 -116 93 -116 78z" data-d="0.499"/>
<path d="M5231 7817 c19 -17 72 -65 117 -105 88 -79 167 -187 203 -279 31 -81
32 -223 0 -308 -75 -207 -273 -356 -532 -401 -71 -12 -132 -15 -254 -11 -176
5 -228 15 -558 98 -228 57 -305 61 -382 21 -141 -73 -184 -203 -165 -506 19
-303 40 -407 135 -661 35 -95 81 -230 102 -300 21 -71 39 -118 41 -106 4 28
-51 205 -133 426 -100 272 -126 420 -129 730 -1 213 10 265 74 338 96 108 164
112 509 27 286 -70 409 -90 558 -90 206 0 376 46 518 141 95 64 156 133 205
234 122 247 42 476 -250 720 -80 66 -124 90 -59 32z" data-d="0.495"/>
<path d="M5290 7844 c0 -3 45 -49 100 -101 170 -162 240 -293 240 -452 0 -125
-36 -228 -114 -330 -58 -76 -112 -122 -206 -177 -135 -79 -287 -114 -503 -114
-165 0 -291 19 -547 82 -307 76 -385 71 -474 -34 -66 -77 -86 -206 -67 -436
14 -174 48 -323 126 -557 35 -104 70 -210 76 -235 10 -34 14 -40 17 -23 2 13
-31 127 -74 255 -91 276 -121 422 -130 634 -10 220 12 314 90 382 75 66 162
66 409 3 242 -62 359 -82 512 -88 275 -11 466 37 641 162 138 99 234 249 256
402 16 111 2 191 -53 301 -34 69 -61 105 -152 199 -102 105 -147 144 -147 127z" data-d="0.500"/>
<path d="M5380 7843 c0 -5 36 -44 80 -88 188 -186 258 -368 216 -565 -26 -126
-75 -212 -181 -317 -80 -79 -106 -98 -196 -142 -160 -78 -249 -95 -494 -95
-221 0 -292 9 -545 72 -173 43 -320 51 -378 19 -41 -22 -89 -87 -103 -141 -15
-52 -14 -274 1 -375 22 -148 148 -579 162 -556 4 6 -18 85 -48 177 -78 243
-105 387 -107 578 -2 114 2 164 12 190 55 134 153 161 391 105 372 -86 531
-105 734 -87 208 19 344 62 472 150 197 134 304 320 304 527 0 171 -63 304
-224 473 -46 49 -96 88 -96 75z" data-d="0.501"/>
<path d="M5470 7846 c0 -4 28 -40 63 -80 155 -176 207 -291 207 -459 0 -152
-44 -275 -143 -397 -135 -166 -319 -264 -577 -306 -52 -8 -97 -17 -99 -20 -11
-11 80 -2 172 17 187 38 338 117 462 243 131 133 191 259 202 426 9 134 -23
245 -106 372 -46 71 -180 222 -181 204z" data-d="0.503"/>
<path d="M5550 7846 c0 -4 21 -31 46 -60 145 -160 199 -294 199 -486 -1 -93
-5 -127 -24 -180 -73 -209 -282 -417 -501 -497 -50 -19 -68 -29 -53 -31 30 -4
180 67 257 122 34 24 99 83 144 131 245 259 264 595 49 880 -47 63 -117 135
-117 121z" data-d="0.504"/>
<path d="M5931 7829 c-18 -11 -31 -22 -28 -25 6 -7 77 28 77 38 0 13 -12 10
-49 -13z" data-d="0.509"/>
<path d="M6040 7819 c-55 -30 -103 -69 -96 -76 2 -3 22 8 43 24 22 16 59 37
81 47 23 11 42 23 42 28 0 13 -12 9 -70 -23z" data-d="0.511"/>
<path d="M6205 7833 c-88 -36 -240 -151 -222 -169 3 -4 18 7 32 24 34 40 132
106 192 128 27 9 52 21 58 26 15 13 -16 8 -60 -9z" data-d="0.519"/>
<path d="M6372 7825 c-50 -13 -116 -36 -144 -52 -59 -32 -168 -135 -193 -183
-27 -53 -11 -43 33 19 78 111 192 179 347 210 47 9 85 19 85 24 0 12 -29 8
-128 -18z" data-d="0.525"/>
<path d="M3725 7830 c-72 -18 -128 -42 -319 -137 -236 -118 -378 -203 -527
-315 -184 -138 -255 -230 -279 -359 -18 -95 1 -153 96 -292 83 -120 99 -185
98 -387 0 -173 -8 -223 -89 -565 -35 -149 -43 -335 -21 -465 24 -138 57 -231
163 -455 190 -399 223 -497 223 -656 0 -214 -87 -386 -308 -608 -68 -68 -121
-125 -118 -128 8 -8 185 167 247 245 204 255 247 489 142 772 -20 52 -81 192
-138 310 -186 391 -198 435 -199 685 -1 136 3 198 16 255 73 319 89 399 100
507 14 143 3 274 -32 365 -12 32 -48 98 -80 148 -102 154 -113 238 -48 370 76
156 346 354 776 569 199 100 296 131 406 131 211 0 455 -94 648 -249 91 -72
113 -96 133 -144 30 -71 -5 -117 -103 -138 -76 -15 -179 -1 -352 52 -259 78
-334 93 -460 93 -104 1 -124 -2 -203 -31 -136 -48 -237 -113 -353 -228 -75
-75 -110 -118 -138 -172 -59 -115 -67 -172 -59 -438 6 -251 -1 -348 -45 -605
-20 -122 -26 -190 -26 -315 -1 -185 14 -255 88 -410 73 -155 133 -242 409
-603 84 -109 143 -213 162 -287 33 -129 11 -304 -55 -436 -77 -152 -175 -256
-433 -458 -87 -67 -193 -157 -236 -199 -82 -81 -175 -204 -169 -223 2 -6 20
13 40 43 78 118 189 226 396 385 302 232 430 400 477 622 40 193 -3 344 -158
548 -296 388 -374 504 -432 643 -53 126 -67 188 -72 330 -4 121 -1 160 33 385
38 248 38 253 39 565 1 345 3 361 65 467 39 67 137 172 220 235 78 60 222 131
306 152 131 34 307 13 544 -63 229 -73 382 -90 466 -52 107 49 99 139 -22 250
-128 117 -305 215 -479 266 -100 29 -270 42 -340 25z" data-d="0.529"/>
<path d="M6655 7824 c-49 -8 -128 -26 -175 -40 -231 -71 -355 -187 -411 -387
-20 -70 -23 -104 -23 -232 1 -171 18 -254 79 -381 36 -74 144 -204 170 -204 7
0 -16 29 -50 64 -120 122 -184 304 -185 519 -1 427 206 614 725 657 72 5 150
12 175 13 25 2 -13 4 -85 4 -71 0 -170 -5 -220 -13z" data-d="0.538"/>
<path d="M6825 7778 c-111 -12 -249 -42 -316 -67 -184 -70 -352 -406 -336
-670 5 -93 43 -213 89 -286 37 -58 116 -144 149 -161 37 -19 38 -9 0 14 -73
45 -174 202 -206 322 -50 189 23 482 165 658 54 66 104 98 199 126 206 61 585
80 800 40 80 -15 103 -13 49 5 -96 31 -403 41 -593 19z" data-d="0.540"/>
<path d="M7030 7734 c-126 -12 -275 -37 -331 -55 -218 -71 -335 -187 -400
-399 -19 -61 -24 -97 -24 -195 1 -132 15 -182 86 -302 63 -105 182 -214 221
-201 6 2 -14 18 -45 36 -97 55 -210 222 -238 352 -18 85 -6 239 25 335 97 293
340 411 841 410 182 -1 195 -2 315 -34 136 -35 261 -81 359 -130 74 -38 93
-35 28 4 -97 56 -315 132 -463 161 -81 15 -293 25 -374 18z" data-d="0.545"/>
<path d="M3720 7706 c-97 -30 -131 -45 -270 -121 -63 -35 -133 -69 -155 -75
-90 -28 -120 -43 -208 -102 -130 -86 -274 -233 -318 -323 -30 -62 -34 -78 -33
-150 0 -68 6 -98 42 -200 94 -265 95 -420 3 -880 -49 -246 -57 -326 -42 -439
20 -145 87 -302 265 -615 202 -355 248 -476 250 -656 1 -91 -3 -123 -23 -184
-41 -125 -103 -204 -357 -463 -129 -130 -234 -241 -234 -248 0 -15 454 448
504 514 89 118 126 229 126 376 0 194 -39 293 -266 692 -48 84 -111 203 -140
263 -132 276 -141 395 -60 795 86 428 85 566 -7 840 -75 225 -55 337 89 489
115 122 294 245 394 271 25 6 113 47 195 90 166 87 239 114 343 130 164 26
407 -58 515 -178 22 -26 37 -52 37 -68 0 -20 -8 -28 -37 -41 -52 -21 -118 -13
-343 42 -218 53 -281 61 -376 46 -271 -42 -532 -185 -671 -366 -99 -130 -116
-244 -72 -485 19 -103 23 -159 23 -315 -1 -198 2 -180 -70 -565 -22 -121 -20
-296 4 -390 41 -154 116 -299 316 -610 116 -179 200 -350 225 -458 51 -218 9
-410 -126 -577 -27 -33 -138 -140 -248 -237 -202 -179 -354 -332 -355 -356 0
-8 23 13 52 45 76 85 115 122 304 290 262 233 326 311 382 465 37 101 38 273
4 393 -29 99 -101 251 -178 370 -291 457 -349 576 -375 773 -14 105 -6 208 35
422 61 322 66 490 22 756 -30 187 -32 228 -11 309 22 82 68 156 148 236 88 88
184 151 300 198 157 64 248 85 372 86 99 0 129 -5 305 -49 213 -54 293 -62
347 -33 87 46 27 142 -147 236 -148 80 -334 102 -480 57z" data-d="0.508"/>
<path d="M3468 7689 c-32 -16 -58 -31 -58 -34 0 -5 112 45 125 56 18 17 -10 8
-67 -22z" data-d="0.518"/>
<path d="M6981 7678 c-51 -5 -101 -13 -110 -19 -12 -8 -9 -9 14 -4 17 3 111 8
210 11 144 5 199 3 275 -10 413 -73 773 -291 1053 -641 44 -55 81 -102 83
-104 2 -2 4 0 4 6 0 14 -95 137 -174 227 -200 226 -544 431 -846 505 -165 40
-309 48 -509 29z" data-d="0.532"/>
<path d="M7907 7659 c-23 -41 -16 -48 12 -13 17 21 24 25 33 16 9 -9 9 -15 0
-24 -9 -9 -12 -9 -12 1 0 7 -4 10 -9 7 -10 -7 -2 -56 10 -56 5 0 9 5 9 11 0 7
7 17 15 23 12 9 13 15 2 36 -18 36 -39 35 -60 -1z" data-d="0.598"/>
<path d="M7029 7640 c-452 -43 -663 -211 -662 -530 0 -98 17 -161 68 -258 65
-124 224 -272 290 -272 12 1 -3 12 -35 27 -66 32 -163 126 -218 211 -108 167
-119 367 -30 534 94 177 343 272 713 272 240 0 394 -36 624 -145 413 -197 673
-486 895 -993 31 -70 27 -30 -4 50 -100 252 -306 546 -498 710 -217 185 -523
335 -772 378 -114 19 -267 26 -371 16z" data-d="0.529"/>
<path d="M7981 7612 c-15 -29 -17 -42 -8 -51 18 -18 44 -13 66 15 32 41 25 53
-8 14 -35 -42 -49 -34 -33 17 16 51 8 53 -17 5z" data-d="0.598"/>
<path d="M8052 7569 c-25 -40 -21 -52 7 -18 l20 24 -6 -45 c-6 -41 -5 -44 10
-31 15 12 22 9 58 -24 22 -20 44 -34 47 -30 4 4 -4 15 -18 25 -66 49 -63 45
-51 68 6 12 8 22 3 22 -5 0 -14 -10 -20 -22 l-11 -23 -1 25 c-1 14 -5 34 -9
44 -6 17 -10 15 -29 -15z" data-d="0.598"/>
<path d="M7045 7579 c-272 -28 -463 -129 -537 -285 -41 -88 -54 -166 -40 -251
22 -134 128 -297 250 -386 59 -43 242 -138 242 -126 0 5 -39 29 -87 53 -249
125 -393 318 -393 526 0 248 197 410 545 450 282 32 502 -6 753 -130 359 -178
589 -411 776 -790 109 -220 153 -393 163 -633 12 -294 -52 -573 -190 -819
-112 -201 -333 -429 -562 -580 -149 -99 -153 -103 -177 -156 -17 -38 -18 -49
-8 -93 7 -30 30 -73 55 -107 43 -56 185 -202 185 -190 0 3 -41 50 -90 104
-193 212 -189 273 29 418 193 127 344 270 496 466 228 296 332 757 261 1160
-76 428 -365 880 -711 1108 -187 124 -383 211 -557 246 -99 20 -286 27 -403
15z" data-d="0.521"/>
<path d="M7066 7520 c-317 -40 -481 -170 -494 -391 -12 -199 97 -358 363 -534
300 -199 404 -381 393 -684 -4 -107 -10 -140 -37 -221 -51 -152 -127 -248
-246 -315 -93 -51 -185 -76 -310 -82 -83 -5 -103 -8 -85 -15 39 -15 181 0 272
28 171 53 277 142 348 289 103 211 106 471 8 674 -55 115 -176 237 -343 346
-188 123 -281 223 -326 353 -29 81 -24 226 11 297 77 159 286 244 600 245 308
0 622 -122 894 -348 241 -201 462 -579 539 -922 17 -79 21 -129 21 -305 1
-238 -14 -335 -81 -515 -71 -191 -166 -338 -324 -504 -123 -129 -221 -211
-355 -299 -117 -77 -158 -119 -175 -179 -25 -92 15 -183 142 -323 127 -140
172 -215 208 -343 79 -286 -17 -537 -246 -644 -85 -40 -211 -50 -313 -24 -159
40 -278 126 -450 325 -124 144 -208 267 -308 453 -87 159 -146 231 -216 264
-49 23 -59 24 -306 23 -303 0 -314 -3 -350 -74 -22 -45 -25 -61 -24 -160 1
-92 7 -133 38 -249 20 -77 39 -142 41 -145 16 -15 10 19 -22 139 -31 116 -36
151 -37 250 -1 132 16 190 63 209 15 6 132 12 286 13 256 3 261 3 308 -21 64
-31 132 -117 204 -256 78 -150 192 -318 305 -450 226 -263 372 -349 598 -349
85 0 116 4 162 23 120 47 231 158 280 279 19 50 22 75 23 197 0 119 -3 151
-23 215 -37 117 -84 196 -182 305 -140 156 -169 205 -170 292 0 89 22 116 181
223 283 191 491 415 613 663 115 234 151 392 150 667 -1 276 -36 421 -164 685
-113 232 -236 400 -393 536 -206 178 -443 297 -689 344 -101 19 -289 27 -382
15z" data-d="0.513"/>
<path d="M7054 7455 c-136 -24 -223 -63 -285 -127 -108 -112 -123 -250 -45
-413 49 -101 117 -178 241 -275 164 -126 295 -260 333 -340 55 -117 66 -178
66 -350 -1 -178 -18 -263 -81 -390 -66 -134 -212 -249 -388 -306 -98 -32 -182
-29 -349 11 -95 22 -130 25 -115 11 6 -6 228 -54 285 -61 82 -10 168 10 289
70 184 90 278 195 334 370 76 236 63 480 -36 668 -47 88 -148 193 -293 302
-178 134 -262 236 -302 368 -52 173 32 344 200 407 134 51 372 69 532 41 298
-52 574 -219 790 -479 287 -343 411 -654 411 -1030 0 -75 -7 -183 -15 -240
-31 -204 -125 -425 -254 -598 -90 -120 -259 -286 -372 -364 -212 -147 -253
-182 -283 -240 -26 -49 -28 -63 -25 -126 6 -89 38 -151 153 -294 146 -181 200
-321 193 -500 -3 -81 -8 -105 -35 -162 -117 -248 -397 -318 -653 -163 -163 99
-413 403 -540 656 -78 154 -167 254 -268 302 l-67 32 -207 3 c-262 5 -307 -3
-365 -64 -61 -63 -77 -125 -70 -273 4 -96 15 -154 61 -338 31 -122 56 -229 56
-238 0 -8 5 -15 11 -15 13 0 11 9 -51 261 -79 314 -85 441 -30 550 42 82 89
98 305 106 174 6 280 -5 351 -37 89 -39 175 -140 279 -330 153 -279 370 -534
536 -633 101 -60 182 -80 298 -75 85 3 106 8 162 35 120 59 212 179 240 311
17 82 6 202 -25 297 -33 96 -91 193 -190 314 -110 135 -143 219 -125 318 13
69 50 115 152 185 191 133 256 185 362 293 311 313 447 653 432 1075 -11 302
-88 533 -264 793 -182 271 -377 453 -609 570 -98 49 -233 95 -332 112 -102 18
-300 18 -398 0z" data-d="0.502"/>
<path d="M8210 7450 c-22 -22 -26 -56 -7 -63 32 -12 78 43 56 69 -15 19 -25
18 -49 -6z m40 -14 c0 -18 -27 -39 -40 -31 -7 4 -7 12 0 26 12 22 40 26 40 5z" data-d="0.596"/>
<path d="M7180 7409 c-129 -16 -240 -56 -307 -113 -82 -69 -112 -200 -73 -316
44 -130 105 -210 289 -378 151 -137 204 -200 251 -297 87 -182 99 -369 40
-600 -48 -186 -133 -302 -304 -417 -227 -151 -248 -154 -596 -58 -96 26 -200
50 -230 54 -80 9 -39 -6 130 -48 80 -20 188 -47 240 -61 190 -50 262 -35 450
90 190 126 270 233 326 435 37 137 44 331 16 451 -45 188 -103 274 -316 468
-226 206 -302 329 -294 476 8 149 86 229 266 276 162 42 358 35 527 -18 239
-76 501 -261 657 -465 297 -391 406 -800 327 -1232 -65 -361 -314 -705 -692
-958 -134 -89 -179 -130 -213 -190 -25 -47 -29 -63 -28 -133 0 -106 23 -162
125 -300 127 -173 176 -283 186 -420 13 -179 -86 -339 -242 -392 -112 -39
-269 -13 -385 64 -121 79 -300 288 -412 478 -39 66 -91 155 -116 197 -51 86
-134 177 -202 220 -25 16 -76 39 -115 51 -62 20 -92 22 -265 22 -129 0 -209
-4 -237 -13 -71 -21 -124 -69 -163 -147 -35 -70 -35 -70 -34 -205 0 -121 4
-151 38 -290 20 -85 50 -224 66 -309 32 -168 56 -251 72 -251 6 0 7 7 3 18
-19 45 -36 111 -55 219 -12 65 -39 197 -61 293 -47 205 -60 320 -48 405 17
121 63 194 148 234 52 24 67 26 228 29 199 5 284 -7 374 -49 85 -41 188 -147
254 -262 127 -224 169 -289 248 -388 210 -261 367 -357 563 -347 188 10 324
137 356 333 23 137 -40 324 -163 485 -116 152 -150 225 -150 327 0 115 52 187
215 295 251 166 440 357 568 573 222 375 238 869 41 1295 -46 100 -135 246
-210 346 -149 200 -425 401 -657 479 -128 42 -305 60 -436 44z" data-d="0.503"/>
<path d="M8271 7379 c-15 -34 -8 -52 8 -21 6 11 18 28 27 36 14 15 14 16 -3
16 -11 0 -24 -13 -32 -31z" data-d="0.593"/>
<path d="M7195 7345 c-200 -38 -299 -131 -299 -280 1 -145 56 -243 258 -454
163 -171 218 -252 264 -386 25 -75 27 -91 26 -255 0 -159 -3 -184 -27 -274
-60 -218 -132 -315 -344 -467 -176 -125 -191 -132 -293 -126 -64 4 -116 15
-210 47 -131 43 -353 99 -504 125 -101 17 -116 18 -116 7 0 -4 39 -14 87 -21
114 -16 352 -72 478 -111 202 -63 238 -71 300 -68 72 4 108 22 247 120 137 96
267 226 301 299 126 270 140 585 37 816 -43 95 -82 145 -240 309 -153 158
-200 227 -234 343 -52 178 29 301 234 352 33 9 108 14 190 14 111 0 149 -4
215 -23 291 -84 556 -291 743 -582 193 -299 259 -522 249 -845 -8 -232 -39
-369 -124 -540 -116 -231 -275 -401 -568 -606 -147 -103 -218 -171 -251 -244
-23 -49 -26 -66 -22 -143 4 -106 25 -156 135 -322 110 -164 136 -230 141 -357
4 -92 2 -106 -21 -156 -33 -73 -87 -131 -153 -163 -48 -23 -63 -26 -142 -23
-79 4 -97 8 -168 43 -146 73 -356 309 -484 546 -34 63 -77 136 -96 161 -54 74
-154 161 -229 201 -119 62 -174 72 -395 73 -179 0 -199 -2 -250 -22 -113 -46
-168 -119 -196 -261 -21 -106 -13 -198 40 -454 25 -117 52 -269 60 -338 9 -69
23 -147 31 -175 16 -57 73 -157 93 -163 8 -2 -2 19 -22 48 -46 67 -62 122 -86
302 -11 81 -35 219 -54 305 -48 220 -60 312 -53 407 15 187 72 275 208 317 80
25 341 27 457 3 197 -40 341 -159 462 -382 104 -191 197 -317 326 -444 89 -87
125 -114 204 -151 58 -28 75 -31 160 -32 84 0 101 3 146 27 68 36 138 115 164
186 18 47 21 72 18 147 -6 119 -35 190 -151 369 -113 174 -130 217 -131 321
-1 135 51 210 241 342 223 155 398 316 495 453 59 84 141 245 172 341 98 297
81 691 -41 962 -118 260 -291 494 -467 631 -158 124 -313 204 -468 241 -95 23
-249 27 -343 10z" data-d="0.495"/>
<path d="M7232 7274 c-98 -26 -164 -68 -192 -125 -30 -57 -36 -142 -16 -218
22 -87 56 -146 143 -249 203 -239 242 -298 289 -437 22 -68 27 -102 31 -225 6
-160 -7 -256 -54 -404 -37 -119 -66 -168 -145 -252 -75 -79 -275 -245 -372
-310 -78 -51 -106 -49 -290 21 -191 72 -281 98 -471 134 -242 47 -417 64 -580
57 -466 -20 -697 -158 -775 -461 -41 -159 -36 -329 17 -565 29 -131 54 -204
129 -377 72 -164 120 -304 139 -405 9 -46 22 -184 30 -308 15 -228 24 -298 51
-404 17 -64 71 -192 79 -185 2 3 -9 40 -26 83 -49 128 -68 233 -84 481 -24
359 -43 439 -184 768 -135 312 -186 609 -147 847 49 298 217 439 591 495 215
32 463 16 795 -51 161 -33 244 -58 525 -158 118 -42 187 -47 250 -16 57 28
319 252 377 324 68 83 102 148 142 267 49 148 70 288 63 418 -13 233 -88 413
-269 643 -118 152 -143 203 -143 293 1 109 47 180 150 227 43 19 66 23 155 22
86 -1 120 -6 190 -29 184 -60 308 -143 496 -336 281 -288 368 -472 394 -839
23 -325 -49 -581 -234 -827 -80 -106 -262 -271 -439 -396 -247 -176 -305 -248
-315 -387 -8 -113 28 -212 148 -410 121 -200 128 -383 18 -486 -71 -68 -147
-86 -249 -60 -163 42 -317 205 -520 551 -77 132 -197 259 -304 323 -149 88
-343 128 -577 120 -288 -10 -371 -113 -372 -458 0 -131 4 -164 42 -346 28
-136 45 -250 52 -355 14 -192 32 -275 73 -336 32 -45 112 -112 122 -101 3 3
-16 22 -43 41 -52 39 -92 103 -110 177 -6 25 -16 113 -22 195 -12 169 -19 210
-62 415 -67 321 -43 579 62 674 80 72 199 94 407 77 224 -19 355 -64 490 -167
91 -70 148 -137 230 -271 194 -317 314 -458 449 -524 63 -31 76 -34 160 -34
91 0 93 0 150 40 82 57 114 119 114 225 0 121 -24 186 -148 395 -59 98 -84
176 -89 270 -9 160 46 239 293 413 312 220 462 379 581 615 79 157 103 259
110 467 12 358 -55 592 -241 838 -47 61 -83 112 -80 112 17 0 -41 77 -119 157
-172 178 -332 275 -532 323 -96 24 -254 26 -333 4z m330 -19 c135 -35 223 -75
338 -156 89 -63 232 -199 280 -266 28 -40 16 -31 -71 52 -135 129 -222 195
-336 250 -132 65 -231 88 -357 83 -79 -3 -111 -9 -149 -28 -98 -47 -150 -129
-151 -236 0 -79 38 -160 129 -274 199 -251 273 -422 282 -661 6 -147 -11 -274
-57 -411 -62 -185 -122 -267 -320 -436 -143 -123 -202 -161 -249 -162 -19 0
-7 12 52 53 184 126 351 277 424 383 32 44 77 165 104 274 31 126 34 378 6
480 -41 150 -124 286 -277 455 -91 100 -138 173 -162 248 -20 65 -23 153 -8
209 12 42 71 100 127 124 103 44 266 52 395 19z" data-d="0.487"/>
<path d="M7415 7150 c-135 -23 -225 -121 -210 -230 9 -62 49 -147 118 -248
247 -361 305 -682 190 -1062 -52 -176 -110 -260 -323 -471 -182 -181 -224
-209 -307 -209 -58 0 -116 19 -268 88 -178 80 -329 124 -555 161 -505 84 -858
36 -1048 -142 -72 -68 -107 -124 -138 -222 -78 -247 -22 -542 195 -1033 75
-169 105 -322 116 -582 8 -192 21 -309 46 -400 22 -81 94 -240 109 -240 5 0
-11 42 -35 93 -62 131 -83 228 -95 442 -23 394 -42 501 -126 693 -103 236
-116 270 -153 391 -56 182 -75 307 -68 455 12 274 127 428 387 518 240 82 709
58 1110 -57 65 -19 178 -61 251 -93 181 -81 231 -96 290 -89 84 10 125 40 314
230 202 204 252 276 304 432 131 396 81 701 -180 1101 -92 141 -123 217 -116
287 8 93 103 168 222 175 180 12 479 -139 638 -321 204 -234 292 -412 339
-682 27 -161 22 -417 -12 -540 -57 -211 -192 -416 -375 -574 -42 -36 -45 -40
-16 -24 44 23 163 140 223 219 88 114 159 269 194 419 26 109 26 390 1 520
-26 131 -64 245 -118 353 -27 53 -47 98 -45 99 6 7 65 -93 101 -169 78 -170
110 -362 102 -611 -4 -136 -9 -176 -31 -252 -33 -112 -111 -271 -170 -349
-130 -171 -244 -274 -497 -447 -202 -137 -261 -204 -295 -334 -34 -127 -9
-254 87 -441 71 -139 99 -215 99 -268 0 -125 -106 -220 -223 -202 -81 13 -148
56 -259 168 -60 59 -108 102 -108 97 0 -6 46 -57 103 -113 124 -125 196 -166
290 -166 71 0 115 19 161 70 77 85 65 223 -34 390 -161 273 -145 531 42 682
24 19 95 69 158 113 361 246 549 463 645 745 55 160 68 358 40 573 -27 209
-77 344 -187 513 -63 96 -164 217 -152 182 3 -9 -34 22 -83 71 -200 198 -473
321 -648 291z m827 -488 c51 -74 24 -57 -33 20 -30 40 -55 78 -57 83 -5 15 55
-54 90 -103z" data-d="0.484"/>
<path d="M7477 7048 c-54 -15 -112 -73 -127 -126 -17 -65 2 -135 82 -307 150
-321 183 -433 183 -625 -1 -269 -77 -509 -224 -708 -79 -106 -278 -312 -356
-367 -121 -86 -170 -83 -393 29 -233 117 -362 154 -697 202 -181 26 -453 24
-571 -3 -216 -51 -363 -161 -425 -321 -31 -80 -38 -271 -14 -397 21 -111 96
-356 137 -444 131 -284 178 -473 178 -721 0 -211 26 -407 69 -521 25 -65 95
-179 111 -179 6 0 0 15 -14 33 -36 47 -90 170 -110 247 -17 65 -27 183 -45
505 -13 220 -45 350 -141 565 -142 321 -209 617 -181 800 32 209 176 351 417
412 78 20 114 23 289 23 209 -1 316 -12 560 -61 169 -34 197 -44 409 -147 304
-147 332 -142 582 107 83 83 179 189 213 235 101 138 165 288 200 475 58 308
30 458 -163 870 -95 201 -106 279 -52 350 38 51 97 70 198 64 65 -4 98 -11
152 -36 310 -143 530 -428 627 -816 27 -104 37 -372 19 -484 -35 -227 -153
-437 -351 -627 -110 -106 -174 -153 -364 -266 -258 -154 -319 -239 -385 -544
-35 -161 -43 -183 -74 -195 -53 -20 -110 11 -273 147 -188 157 -358 261 -508
313 -33 12 -150 32 -260 46 -250 32 -352 30 -442 -10 -198 -89 -233 -288 -143
-824 44 -260 52 -365 45 -557 -5 -110 -3 -191 4 -229 24 -131 98 -234 199
-279 70 -31 122 -43 122 -28 0 6 -9 11 -20 11 -50 0 -136 45 -187 96 -91 94
-96 116 -103 479 -6 253 -11 330 -28 420 -41 216 -55 348 -56 520 -1 154 1
175 21 226 39 94 126 156 251 179 53 9 95 8 250 -10 236 -26 291 -36 366 -64
149 -56 326 -169 496 -316 146 -125 223 -161 282 -129 28 15 44 59 74 200 60
284 137 401 340 514 49 27 134 79 189 116 281 185 476 436 552 714 26 92 28
115 28 280 0 199 -12 280 -67 440 -61 181 -161 345 -286 472 -91 93 -167 147
-298 210 -84 41 -104 47 -172 49 -42 2 -94 -2 -115 -8z" data-d="0.475"/>
<path d="M5970 6958 c0 -71 86 -272 149 -348 46 -55 45 -30 -1 31 -51 68 -94
160 -119 257 -21 82 -29 99 -29 60z" data-d="0.356"/>
<path d="M7540 6948 c-32 -17 -51 -36 -68 -68 -37 -72 -25 -132 79 -402 96
-250 103 -280 103 -478 1 -145 -3 -192 -21 -272 -44 -196 -115 -363 -205 -480
-76 -101 -388 -413 -435 -437 -82 -41 -186 -21 -332 63 -205 117 -281 145
-531 191 -397 73 -602 73 -792 2 -83 -32 -111 -49 -171 -106 -108 -103 -159
-232 -159 -406 1 -177 29 -282 162 -605 98 -235 140 -419 140 -610 0 -158 19
-374 40 -456 11 -42 34 -105 52 -140 44 -85 117 -184 136 -184 11 0 7 10 -15
33 -45 46 -109 150 -133 214 -33 88 -50 214 -60 453 -15 355 -31 425 -178 780
-34 80 -72 183 -85 230 -114 394 -3 686 298 790 170 59 404 55 760 -11 246
-46 306 -67 508 -177 204 -111 294 -125 391 -61 71 48 380 372 442 464 127
191 200 429 211 685 6 156 -12 255 -87 455 -96 259 -112 310 -117 370 -8 109
47 165 162 165 117 -1 248 -73 390 -215 144 -144 234 -305 289 -515 113 -439
14 -807 -301 -1111 -94 -92 -192 -161 -375 -265 -202 -116 -267 -174 -369
-329 -147 -224 -173 -226 -537 -45 -268 133 -339 161 -453 179 -41 7 -134 24
-207 38 -109 20 -156 24 -255 22 -115 -4 -127 -6 -189 -37 -75 -37 -110 -72
-147 -152 -24 -52 -26 -64 -26 -205 1 -156 8 -201 105 -635 13 -59 23 -149 27
-240 4 -107 8 -138 15 -120 13 32 3 213 -16 310 -8 41 -38 185 -65 320 -45
215 -51 260 -51 366 0 76 5 138 14 168 30 99 106 171 209 198 77 19 244 15
367 -10 58 -12 150 -29 205 -38 136 -22 200 -47 461 -179 230 -117 304 -143
369 -131 49 9 116 72 173 161 114 178 175 232 430 376 267 150 446 326 562
550 94 182 133 389 111 590 -41 376 -215 694 -475 867 -143 95 -272 124 -356
80z" data-d="0.467"/>
<path d="M7644 6841 c-92 -42 -98 -138 -23 -369 89 -276 107 -434 73 -660 -30
-206 -117 -450 -205 -579 -18 -26 -74 -91 -125 -143 -50 -52 -134 -150 -188
-217 -107 -135 -141 -166 -204 -183 -78 -20 -133 -1 -289 100 -150 98 -309
175 -423 204 -235 59 -604 88 -745 57 -189 -41 -344 -174 -395 -339 -55 -176
-30 -369 87 -687 115 -314 139 -429 154 -750 5 -121 17 -256 25 -300 30 -155
97 -289 186 -376 66 -64 66 -44 1 24 -130 135 -193 338 -193 620 0 217 -37
446 -101 625 -145 406 -169 501 -169 656 1 246 121 418 348 494 71 25 90 26
247 26 108 0 212 -7 285 -18 341 -51 407 -76 759 -296 74 -46 117 -60 181 -60
91 1 140 40 280 220 41 52 117 140 171 195 53 55 113 127 134 159 114 179 198
466 212 722 8 143 -13 269 -77 471 -84 262 -86 321 -18 378 28 24 39 27 89 23
161 -12 357 -191 469 -431 85 -182 127 -389 117 -580 -7 -140 -33 -242 -94
-365 -114 -233 -294 -405 -603 -577 -149 -83 -210 -126 -254 -180 -21 -25 -36
-48 -34 -51 3 -2 17 11 32 31 34 45 141 120 265 186 303 163 485 338 608 584
132 261 135 552 9 887 -45 120 -117 236 -204 329 -85 91 -154 139 -240 168
-75 26 -95 26 -148 2z" data-d="0.463"/>
<path d="M5914 6807 c8 -61 104 -242 120 -227 3 3 -9 27 -26 54 -17 26 -47 84
-65 129 -27 64 -33 74 -29 44z" data-d="0.327"/>
<path d="M5840 6734 c0 -29 62 -147 80 -153 12 -3 13 -1 3 11 -7 8 -28 48 -48
89 -19 41 -34 65 -35 53z" data-d="0.311"/>
<path d="M7745 6721 c-75 -31 -82 -113 -29 -337 63 -267 60 -458 -13 -748 -42
-168 -71 -247 -158 -434 -42 -91 -65 -153 -63 -170 3 -26 6 -27 55 -27 41 1
70 10 135 43 46 23 97 54 113 68 27 23 25 23 -25 -6 -107 -61 -179 -91 -222
-93 -41 -2 -43 -1 -41 26 1 15 31 89 67 165 106 224 155 377 197 616 34 195
23 353 -42 621 -23 96 -29 139 -24 173 32 212 333 31 468 -281 60 -141 88
-260 94 -412 12 -285 -73 -490 -295 -712 -134 -134 -230 -202 -417 -295 -88
-44 -179 -96 -202 -114 -23 -19 -67 -70 -98 -114 -94 -134 -170 -180 -294
-180 -108 0 -202 43 -380 177 -196 147 -382 207 -706 229 -266 18 -442 -74
-506 -262 -19 -57 -23 -88 -22 -179 2 -186 31 -339 112 -601 77 -249 84 -294
88 -566 2 -136 -1 -238 -6 -238 -16 0 -30 89 -42 254 -6 87 -15 177 -20 200
-8 40 -8 40 -4 -9 3 -27 10 -129 16 -225 8 -133 15 -185 29 -218 11 -23 24
-79 30 -124 14 -102 41 -174 89 -238 69 -92 176 -151 269 -149 l47 1 -66 13
c-132 26 -223 97 -278 215 -43 92 -53 180 -45 405 10 291 -10 435 -100 715
-80 246 -120 520 -99 660 21 133 87 231 190 284 92 47 262 58 470 31 266 -35
321 -59 643 -279 126 -87 192 -111 295 -111 132 1 222 57 301 188 50 81 123
136 297 221 182 88 286 163 423 301 201 203 288 387 300 630 19 369 -183 783
-425 876 -55 20 -75 22 -106 10z" data-d="0.459"/>
<path d="M3965 6693 c-87 -23 -132 -82 -145 -191 -10 -75 2 -235 26 -350 16
-79 78 -289 88 -299 15 -16 12 8 -10 77 -95 292 -120 594 -56 679 59 79 134
88 352 41 185 -40 364 -70 414 -70 65 0 36 9 -85 26 -63 8 -186 31 -274 50
-157 35 -270 48 -310 37z" data-d="0.324"/>
<path d="M5765 6653 c4 -10 12 -30 17 -45 5 -16 14 -28 20 -28 6 0 7 8 3 18
-4 9 -12 29 -17 45 -5 15 -14 27 -20 27 -6 0 -7 -8 -3 -17z" data-d="0.293"/>
<path d="M3007 6429 c-4 -192 -10 -271 -36 -439 -50 -332 -41 -487 39 -679 74
-180 160 -301 359 -506 125 -128 163 -174 189 -228 52 -106 74 -204 75 -337 1
-134 -13 -215 -55 -323 -68 -176 -176 -294 -454 -492 -250 -179 -360 -290
-454 -457 -17 -32 -30 -63 -28 -70 2 -6 23 24 47 67 50 94 120 183 199 256 63
59 103 89 291 225 219 158 319 264 391 416 56 117 71 184 77 334 6 150 -9 245
-57 351 -44 97 -84 148 -230 293 -153 152 -233 262 -311 424 -112 235 -120
362 -49 816 25 155 40 535 23 565 -8 13 -12 -49 -16 -216z" data-d="0.366"/>
<path d="M3942 6620 c-54 -33 -72 -86 -72 -216 0 -120 10 -190 42 -301 30
-105 40 -90 13 20 -51 200 -56 342 -15 433 34 77 89 87 288 50 161 -30 159
-29 147 -17 -15 15 -231 51 -304 51 -49 0 -75 -5 -99 -20z" data-d="0.313"/>
<path d="M3982 6585 c-49 -22 -62 -63 -61 -197 1 -62 5 -126 9 -143 4 -17 7
35 6 115 -1 119 2 151 16 176 22 41 33 44 134 44 54 0 83 4 79 10 -9 15 -145
11 -183 -5z" data-d="0.305"/>
<path d="M5690 6590 c0 -5 5 -10 10 -10 6 0 10 5 10 10 0 6 -4 10 -10 10 -5 0
-10 -4 -10 -10z" data-d="0.279"/>
<path d="M2580 6569 c0 -5 6 -9 14 -9 8 0 24 -12 37 -27 21 -27 21 -33 16
-203 -4 -110 -3 -169 3 -159 5 9 12 83 16 165 8 174 -2 214 -55 232 -19 7 -31
7 -31 1z" data-d="0.426"/>
<path d="M7827 6535 c-32 -32 -40 -84 -31 -199 5 -61 9 -196 9 -301 0 -212 -4
-236 -82 -520 -56 -206 -63 -295 -24 -326 13 -10 35 -19 50 -19 70 0 237 117
316 222 57 75 118 199 142 288 27 98 24 337 -5 445 -28 102 -97 245 -151 313
-46 57 -122 112 -155 112 -16 -1 -11 -6 16 -19 66 -33 98 -62 148 -133 98
-139 149 -313 150 -505 0 -230 -72 -416 -217 -559 -59 -57 -159 -125 -215
-145 -32 -11 -40 -10 -63 5 -27 18 -27 20 -22 90 3 39 25 146 50 239 25 92 56
224 68 295 22 131 22 208 3 519 -8 117 -1 166 27 194 10 10 15 19 10 19 -5 0
-16 -7 -24 -15z" data-d="0.447"/>
<path d="M1480 6475 c0 -46 16 -63 22 -23 l3 23 21 -22 20 -22 0 37 c0 40 -9
52 -43 52 -21 0 -23 -5 -23 -45z m50 15 c0 -5 -7 -10 -15 -10 -8 0 -15 5 -15
10 0 6 7 10 15 10 8 0 15 -4 15 -10z" data-d="0.541"/>
<path d="M1572 6478 c-2 -45 0 -48 23 -48 26 0 45 25 45 59 0 34 -18 24 -22
-11 -2 -21 -9 -34 -20 -36 -13 -3 -18 6 -21 40 l-4 43 -1 -47z" data-d="0.531"/>
<path d="M1652 6475 c0 -40 2 -44 7 -20 l6 29 18 -27 c25 -39 37 -33 37 19 0
27 -4 43 -10 39 -5 -3 -10 -16 -10 -28 0 -20 -2 -20 -25 8 l-24 30 1 -50z" data-d="0.521"/>
<path d="M1854 6495 c-12 -18 -13 -28 -4 -44 21 -40 68 -13 56 33 -9 34 -33
40 -52 11z m36 -25 c0 -16 -5 -30 -10 -30 -14 0 -24 26 -16 45 10 26 26 16 26
-15z" data-d="0.499"/>
<path d="M1930 6500 c-9 -6 -10 -10 -3 -10 6 0 14 -15 16 -32 3 -29 4 -27 5
10 1 23 1 42 0 42 -2 0 -10 -5 -18 -10z" data-d="0.491"/>
<path d="M1735 6460 c3 -5 26 -10 51 -10 24 0 44 5 44 10 0 6 -23 10 -51 10
-31 0 -48 -4 -44 -10z" data-d="0.510"/>
<path d="M7933 6288 c-23 -29 -35 -93 -49 -253 -8 -93 -28 -247 -44 -342 -34
-195 -39 -307 -14 -317 9 -3 21 -6 27 -5 7 0 2 4 -10 9 -33 13 -30 66 12 300
19 106 39 258 45 339 12 171 18 206 37 244 17 34 37 34 79 2 62 -47 120 -207
131 -356 14 -202 -84 -413 -236 -511 -25 -15 -38 -28 -30 -28 30 0 109 62 153
121 77 102 118 211 131 349 13 133 -58 366 -132 430 -36 32 -83 40 -100 18z" data-d="0.434"/>
<path d="M3221 6164 c0 -11 3 -14 6 -6 3 7 2 16 -1 19 -3 4 -6 -2 -5 -13z" data-d="0.313"/>
<path d="M3236 5975 c-17 -191 9 -366 71 -488 38 -77 90 -149 196 -276 196
-234 277 -423 323 -751 21 -150 14 -392 -16 -533 -45 -214 -113 -376 -207
-495 -69 -86 -103 -112 -292 -227 -86 -52 -187 -119 -224 -150 -128 -106 -224
-271 -266 -455 -16 -72 5 -42 29 42 72 251 184 381 472 552 73 44 155 95 182
114 236 170 391 659 347 1092 -37 362 -129 581 -353 840 -198 230 -238 332
-247 640 l-6 195 -9 -100z" data-d="0.291"/>
<path d="M8002 5988 c-26 -34 -43 -84 -57 -178 -13 -82 -14 -108 -5 -131 7
-16 16 -29 21 -29 5 0 3 11 -3 25 -25 55 30 314 63 303 22 -7 49 -72 49 -114
0 -57 -33 -161 -61 -190 -12 -13 -18 -24 -12 -24 13 0 37 28 57 68 41 80 37
213 -6 259 -25 26 -32 28 -46 11z" data-d="0.419"/>
<path d="M4038 5673 c-36 -5 -35 -14 1 -36 35 -21 41 -21 41 -2 0 9 -6 12 -17
8 -10 -3 -15 -3 -11 1 5 6 14 9 48 15 3 1 -2 6 -10 11 -8 5 -17 9 -20 8 -3 0
-17 -3 -32 -5z" data-d="0.171"/>
<path d="M4092 5583 c-2 -36 -8 -39 -36 -18 -14 11 -23 12 -33 4 -21 -18 -15
-36 20 -63 30 -24 31 -26 9 -26 -13 0 -21 -4 -18 -9 7 -10 54 -2 62 10 3 5
-11 16 -30 26 -22 10 -36 24 -36 35 0 24 9 23 37 -4 29 -27 35 -21 30 33 -3
35 -4 37 -5 12z" data-d="0.156"/>
<path d="M5407 5433 c-4 -6 -4 -18 -1 -26 3 -8 1 -18 -5 -22 -7 -4 -8 1 -4 12
6 16 5 16 -10 4 -22 -18 -22 -31 2 -31 11 0 21 -6 24 -12 10 -30 18 4 10 44
-5 24 -12 38 -16 31z" data-d="0.068"/>
<path d="M5452 5428 c-5 -7 -9 -26 -8 -43 1 -25 5 -30 26 -30 21 0 25 5 25 30
0 30 -11 55 -25 55 -4 0 -12 -6 -18 -12z m28 -18 c0 -5 -4 -10 -10 -10 -5 0
-10 5 -10 10 0 6 5 10 10 10 6 0 10 -4 10 -10z m0 -35 c0 -8 -4 -15 -10 -15
-5 0 -10 7 -10 15 0 8 5 15 10 15 6 0 10 -7 10 -15z" data-d="0.071"/>
<path d="M5552 5428 c-5 -7 -9 -26 -8 -43 1 -25 5 -30 26 -30 21 0 25 5 25 30
0 30 -11 55 -25 55 -4 0 -12 -6 -18 -12z m28 -12 c0 -3 -4 -8 -10 -11 -5 -3
-10 -1 -10 4 0 6 5 11 10 11 6 0 10 -2 10 -4z m-1 -43 c0 -5 -3 -9 -9 -11 -5
-2 -10 4 -10 13 0 16 16 14 19 -2z" data-d="0.081"/>
<path d="M5623 5433 c-20 -8 -15 -40 7 -46 11 -3 20 -11 20 -17 0 -7 -8 -10
-20 -7 -11 3 -20 1 -20 -5 0 -5 10 -8 23 -6 30 4 38 48 8 48 -12 0 -21 5 -21
10 0 6 9 10 21 10 11 0 17 5 14 10 -7 11 -13 11 -32 3z" data-d="0.089"/>
<path d="M5680 5419 c-18 -33 -9 -64 20 -64 32 0 41 34 11 42 -28 7 -27 23 2
23 18 0 19 2 7 10 -22 14 -28 12 -40 -11z m29 -46 c0 -5 -3 -9 -9 -11 -5 -2
-10 4 -10 13 0 16 16 14 19 -2z" data-d="0.094"/>
<path d="M5815 5430 c-7 -12 2 -30 16 -30 12 0 12 27 0 35 -5 3 -12 1 -16 -5z" data-d="0.110"/>
<path d="M5862 5395 c1 -29 3 -38 5 -22 4 23 7 26 19 16 21 -17 17 5 -6 32
l-19 24 1 -50z" data-d="0.113"/>
<path d="M5744 5416 c-3 -8 -4 -25 -2 -38 2 -17 9 -23 28 -23 35 0 35 37 0 45
-17 4 -21 8 -12 14 6 4 17 4 22 1 6 -3 10 -1 10 4 0 16 -40 13 -46 -3z m33
-52 c-9 -9 -28 6 -21 18 4 6 10 6 17 -1 6 -6 8 -13 4 -17z" data-d="0.101"/>
<path d="M5909 5405 c-1 -14 -2 -30 -3 -37 -1 -6 5 -13 12 -15 8 -3 12 8 12
36 0 44 -19 58 -21 16z" data-d="0.119"/>
<path d="M5510 5360 c0 -5 5 -10 10 -10 6 0 10 5 10 10 0 6 -4 10 -10 10 -5 0
-10 -4 -10 -10z" data-d="0.069"/>
<path d="M5043 5271 c-179 -65 -299 -189 -363 -377 -21 -60 -26 -95 -12 -78 5
5 21 45 36 89 63 179 184 299 361 355 43 13 68 30 45 30 -8 -1 -38 -9 -67 -19z" data-d="0.025"/>
<path d="M5215 5266 c-231 -60 -355 -149 -430 -309 -60 -126 -70 -181 -69
-377 0 -156 4 -191 32 -325 40 -195 73 -305 129 -440 72 -173 121 -322 137
-417 9 -49 22 -185 31 -303 8 -118 22 -250 31 -292 21 -103 66 -236 81 -241 8
-2 6 11 -6 40 -49 109 -76 266 -91 513 -18 297 -36 375 -152 664 -77 190 -136
405 -164 592 -24 169 -16 386 19 495 50 151 136 253 271 319 69 34 244 85 292
85 12 0 26 5 29 10 10 16 -43 11 -140 -14z" data-d="0.028"/>
<path d="M3715 5163 c140 -328 197 -589 198 -903 1 -305 -74 -638 -191 -850
-69 -124 -140 -191 -297 -280 -71 -40 -157 -91 -190 -113 -95 -64 -188 -163
-228 -243 -36 -71 -77 -185 -77 -213 0 -28 16 4 39 79 64 208 185 328 503 500
213 115 338 328 419 719 66 318 46 709 -53 1021 -35 111 -116 307 -129 316 -6
3 -3 -11 6 -33z" data-d="0.184"/>
<path d="M3359 5163 c6 -12 31 -38 56 -59 103 -84 223 -261 276 -405 117 -319
99 -716 -46 -1005 -92 -185 -157 -250 -387 -392 -149 -93 -282 -196 -337 -261
-97 -116 -186 -306 -207 -441 -11 -71 4 -41 32 61 32 123 109 278 176 355 92
106 120 127 456 344 196 126 338 362 387 645 18 106 21 349 5 450 -43 270
-159 493 -345 659 -43 39 -73 60 -66 49z" data-d="0.231"/>
<path d="M2640 5099 c0 -31 45 -151 141 -374 114 -265 139 -351 146 -491 11
-208 -51 -358 -235 -568 -29 -33 -52 -64 -52 -70 1 -14 75 68 150 167 75 98
124 200 144 299 40 194 10 332 -154 708 -40 91 -84 202 -100 248 -28 84 -40
108 -40 81z" data-d="0.327"/>
<path d="M5581 4985 c-203 -46 -333 -179 -377 -385 -29 -139 -3 -284 105 -584
70 -193 95 -302 120 -531 10 -93 19 -154 20 -135 1 39 -16 269 -23 315 -4 23
-2 21 9 -10 8 -24 14 -32 14 -19 1 11 -33 119 -75 240 -150 435 -172 523 -161
663 12 158 91 298 209 368 119 72 323 92 589 57 238 -31 364 -82 626 -252 215
-140 299 -160 422 -98 47 24 197 173 185 185 -3 3 -35 -27 -71 -67 -35 -40
-86 -85 -111 -100 -41 -23 -58 -27 -127 -27 -100 0 -134 15 -338 149 -221 146
-329 190 -542 221 -152 23 -396 28 -474 10z" data-d="0.072"/>
<path d="M2870 4946 c0 -10 60 -126 65 -126 3 0 -9 28 -26 63 -33 65 -39 75
-39 63z" data-d="0.299"/>
<path d="M7729 4797 c-122 -78 -201 -139 -232 -180 -129 -170 -141 -423 -32
-657 66 -142 71 -199 21 -253 -32 -35 -80 -35 -159 -3 -125 52 -236 154 -347
321 -145 218 -334 365 -555 435 -82 25 -407 54 -495 44 -162 -19 -266 -107
-306 -259 -28 -105 -12 -354 41 -615 19 -95 28 -180 35 -350 6 -124 14 -246
20 -273 28 -132 92 -216 203 -262 56 -23 45 -2 -14 25 -73 35 -134 106 -160
188 -17 55 -22 107 -29 292 -7 181 -15 256 -38 385 -62 332 -71 514 -33 633
40 122 116 188 249 214 67 14 405 -6 491 -29 223 -57 423 -207 572 -428 93
-138 171 -222 266 -285 129 -86 226 -100 277 -39 50 60 47 113 -15 247 -96
205 -106 406 -29 579 29 66 112 146 244 235 130 87 145 98 131 97 -6 0 -53
-28 -106 -62z" data-d="0.358"/>
<path d="M8235 4758 c-93 -81 -209 -166 -313 -227 -40 -24 -79 -53 -87 -65
-29 -40 -12 -114 41 -184 37 -48 40 -33 4 24 -40 66 -51 106 -36 135 6 13 75
66 153 119 137 92 252 181 302 234 49 52 14 32 -64 -36z" data-d="0.426"/>
<path d="M3023 4643 c35 -71 70 -146 80 -168 9 -22 14 -29 11 -15 -7 30 -141
310 -148 310 -3 0 23 -57 57 -127z" data-d="0.291"/>
<path d="M2640 4754 c0 -5 22 -64 50 -131 72 -176 100 -287 100 -405 0 -53 -5
-121 -11 -150 -14 -67 -68 -186 -113 -248 -19 -27 -32 -51 -29 -54 10 -9 71
81 109 158 73 150 84 343 29 516 -44 140 -135 351 -135 314z" data-d="0.335"/>
<path d="M2490 4598 c0 -7 53 -38 65 -38 3 0 4 4 0 9 -3 5 -1 12 5 16 22 14 8
24 -30 22 -22 -1 -40 -5 -40 -9z" data-d="0.361"/>
<path d="M2491 4506 c-16 -19 -3 -44 32 -63 l32 -16 -24 -9 c-13 -4 -22 -11
-19 -13 7 -8 58 13 58 23 0 4 -13 13 -30 19 -30 11 -49 38 -35 51 3 4 12 0 18
-9 14 -18 45 -31 50 -21 2 4 1 18 -4 32 -7 24 -7 24 -8 3 -1 -28 -12 -29 -29
-3 -14 23 -25 25 -41 6z" data-d="0.366"/>
<path d="M4665 4393 c21 -219 65 -396 171 -695 108 -303 112 -326 144 -728 6
-74 16 -157 21 -185 18 -88 62 -225 72 -225 5 0 7 6 4 14 -44 113 -73 279 -87
481 -19 293 -35 367 -142 659 -97 264 -145 465 -164 674 -4 39 -11 72 -16 72
-6 0 -7 -28 -3 -67z" data-d="0.150"/>
<path d="M3141 4354 c0 -11 3 -14 6 -6 3 7 2 16 -1 19 -3 4 -6 -2 -5 -13z" data-d="0.298"/>
<path d="M3157 4265 c3 -38 7 -72 9 -74 7 -8 2 94 -6 119 -5 15 -6 -4 -3 -45z" data-d="0.305"/>
<path d="M3172 4160 c0 -14 2 -19 5 -12 2 6 2 18 0 25 -3 6 -5 1 -5 -13z" data-d="0.314"/>
<path d="M3161 4094 c-2 -73 -43 -183 -111 -304 -18 -31 -22 -44 -11 -30 34
42 109 201 121 260 7 30 10 69 7 85 -3 25 -4 24 -6 -11z" data-d="0.322"/>
<path d="M5961 4101 c-26 -26 -41 -82 -41 -151 0 -68 30 -230 43 -230 5 0 7
10 4 23 -34 139 -35 303 -4 334 15 15 49 17 279 19 231 1 268 -1 304 -16 52
-22 105 -91 169 -219 143 -287 413 -623 598 -744 356 -235 746 -132 864 228
21 66 26 100 27 195 1 119 -21 248 -49 286 -10 14 -8 -3 6 -61 30 -119 36
-265 15 -358 -44 -195 -174 -341 -345 -387 -61 -16 -205 -14 -276 5 -83 21
-208 83 -281 138 -173 131 -398 421 -540 696 -124 242 -171 271 -407 252 -81
-7 -151 -7 -199 -1 -112 14 -145 13 -167 -9z" data-d="0.225"/>
<path d="M4660 4068 c0 -42 49 -225 109 -410 94 -289 112 -373 131 -618 17
-209 27 -273 71 -442 5 -21 14 -38 19 -38 5 0 0 29 -10 65 -26 91 -48 228 -60
380 -23 286 -43 384 -139 674 -32 97 -71 229 -86 294 -27 116 -35 138 -35 95z" data-d="0.207"/>
<path d="M6584 4000 c9 -14 33 -56 54 -93 203 -372 340 -560 536 -735 192
-173 360 -246 566 -246 84 -1 118 4 172 22 180 62 305 200 355 392 19 75 24
283 7 300 -8 8 -9 -20 -6 -93 13 -297 -138 -525 -393 -593 -74 -20 -209 -17
-299 6 -90 23 -211 81 -289 138 -202 150 -438 443 -585 729 -35 66 -79 138
-99 160 -19 21 -28 27 -19 13z" data-d="0.291"/>
<path d="M8187 3991 c-38 -25 -46 -35 -20 -27 25 8 41 -10 24 -27 -13 -13 -15
-27 -3 -27 4 0 20 12 36 26 25 22 27 28 18 50 -13 28 -18 28 -55 5z m43 -15
c0 -8 -4 -18 -10 -21 -5 -3 -10 3 -10 14 0 12 5 21 10 21 6 0 10 -6 10 -14z" data-d="0.465"/>
<path d="M3930 3959 c0 -38 -42 -224 -77 -339 -19 -63 -59 -166 -89 -228 -76
-157 -146 -226 -344 -342 -248 -146 -331 -225 -393 -378 -30 -74 -40 -112 -28
-112 5 0 13 15 16 33 4 17 22 65 41 105 58 128 160 217 428 373 227 133 334
307 426 694 35 149 45 215 31 215 -6 0 -11 -9 -11 -21z" data-d="0.268"/>
<path d="M8233 3916 c-36 -23 -39 -33 -20 -60 12 -16 15 -16 57 8 25 14 38 26
30 26 -8 -1 -26 -7 -40 -15 -32 -18 -40 -18 -40 -1 0 8 12 24 27 35 36 29 26
34 -14 7z" data-d="0.477"/>
<path d="M8258 3839 c-10 -5 -18 -14 -18 -20 0 -5 11 -2 25 7 29 19 33 6 9
-31 -20 -31 -15 -31 39 -3 23 11 36 23 29 26 -7 2 -19 -2 -27 -8 -18 -15 -19
-6 -5 21 9 16 7 19 -12 19 -13 0 -31 -5 -40 -11z" data-d="0.487"/>
<path d="M8300 3773 c0 -5 15 -31 34 -59 26 -39 32 -54 23 -63 -8 -8 -7 -15 4
-27 30 -29 95 20 68 52 -8 10 -16 11 -31 3 -11 -6 -21 -9 -22 -7 -2 2 -15 24
-30 50 -27 47 -46 68 -46 51z m120 -117 c0 -16 -37 -32 -48 -21 -7 7 25 35 40
35 4 0 8 -6 8 -14z" data-d="0.498"/>
<path d="M4665 3742 c4 -18 31 -110 61 -205 56 -175 87 -325 99 -477 20 -268
59 -500 84 -500 5 0 3 24 -5 53 -23 86 -42 214 -54 357 -12 154 -35 315 -56
398 -45 178 -155 494 -129 374z" data-d="0.265"/>
<path d="M3916 3683 c-28 -116 -82 -267 -132 -363 -74 -144 -158 -228 -320
-321 -217 -125 -341 -247 -396 -391 -29 -77 -6 -55 36 35 51 108 170 228 301
304 169 98 198 118 260 179 101 99 183 255 244 466 37 128 45 168 34 168 -5 0
-18 -35 -27 -77z" data-d="0.312"/>
<path d="M2920 3631 c-52 -53 -137 -134 -187 -179 -51 -46 -93 -88 -93 -93 0
-11 177 148 276 248 52 52 113 125 102 122 -2 0 -46 -44 -98 -98z" data-d="0.403"/>
<path d="M8425 3595 c-16 -14 -26 -25 -22 -25 14 0 67 34 67 42 0 14 -14 8
-45 -17z" data-d="0.529"/>
<path d="M5452 3590 c0 -14 2 -19 5 -12 2 6 2 18 0 25 -3 6 -5 1 -5 -13z" data-d="0.291"/>
<path d="M3921 3530 c-29 -101 -95 -254 -140 -322 -62 -95 -168 -194 -278
-258 -118 -70 -213 -141 -266 -200 -48 -53 -111 -164 -104 -183 3 -7 12 6 22
28 50 118 169 234 336 330 171 98 270 199 349 355 48 95 102 248 97 275 -2 14
-7 6 -16 -25z" data-d="0.337"/>
<path d="M4660 3495 c0 -6 12 -48 25 -95 39 -131 62 -269 80 -465 15 -164 46
-359 59 -373 14 -13 13 9 -4 88 -10 47 -28 181 -39 297 -22 225 -36 303 -77
448 -22 79 -44 129 -44 100z" data-d="0.310"/>
<path d="M8346 3414 c-20 -216 -128 -385 -306 -478 -102 -53 -176 -69 -300
-63 -154 8 -292 57 -438 156 -76 51 -247 207 -297 270 -38 48 -55 61 -55 43 0
-16 148 -168 232 -240 154 -130 310 -209 468 -238 145 -26 260 -10 386 52 135
66 237 182 290 328 27 75 50 224 36 238 -6 6 -12 -21 -16 -68z" data-d="0.539"/>
<path d="M3915 3348 c-30 -93 -114 -251 -168 -318 -40 -49 -88 -88 -199 -165
-81 -55 -173 -125 -204 -155 -59 -59 -111 -136 -99 -148 4 -4 10 -2 12 5 12
33 71 108 121 154 31 29 107 85 168 125 134 87 182 128 240 210 71 99 180 344
154 344 -5 0 -16 -24 -25 -52z" data-d="0.367"/>
<path d="M8420 3334 c0 -38 -47 -171 -81 -231 -68 -119 -198 -225 -339 -275
-56 -20 -83 -23 -205 -22 -125 0 -149 3 -225 28 -153 50 -309 147 -443 274
-31 31 -60 52 -65 48 -8 -9 71 -82 173 -159 128 -98 244 -156 382 -193 93 -25
275 -25 358 0 203 61 365 217 434 419 26 73 36 137 22 137 -6 0 -11 -12 -11
-26z" data-d="0.556"/>
<path d="M3886 3127 c-69 -140 -136 -216 -291 -333 -105 -78 -197 -163 -231
-211 -28 -42 -4 -23 59 44 34 36 114 105 177 152 180 133 254 222 324 390 44
104 22 80 -38 -42z" data-d="0.406"/>
<path d="M8471 3178 c-55 -163 -181 -307 -334 -383 -120 -59 -212 -79 -342
-72 -194 11 -379 85 -560 226 -73 57 -85 65 -85 53 0 -14 170 -137 250 -180
153 -83 354 -131 495 -117 182 18 361 114 471 254 50 63 117 187 132 244 17
61 -5 42 -27 -25z" data-d="0.579"/>
<path d="M4660 3196 c0 -7 5 -38 10 -67 6 -30 17 -128 26 -219 19 -212 41
-350 55 -350 11 0 12 -4 -5 77 -8 38 -22 148 -30 244 -18 203 -36 329 -48 329
-4 0 -8 -6 -8 -14z" data-d="0.365"/>
<path d="M8505 3042 c-40 -77 -67 -114 -135 -183 -72 -73 -100 -93 -180 -132
-264 -129 -565 -92 -888 110 -40 25 -75 43 -78 40 -7 -7 65 -55 156 -105 325
-177 636 -184 887 -21 111 73 234 223 288 352 30 73 -1 35 -50 -61z" data-d="0.599"/>
<path d="M3901 3004 c-56 -108 -116 -178 -245 -288 -66 -57 -132 -116 -145
-130 -41 -44 -11 -29 43 22 28 26 92 82 142 124 51 42 112 103 136 135 57 75
110 169 106 188 -2 8 -18 -15 -37 -51z" data-d="0.426"/>
<path d="M8590 3010 c-123 -242 -334 -396 -591 -432 -169 -24 -382 23 -598
131 -103 52 -131 62 -96 35 36 -28 168 -91 257 -122 125 -44 229 -63 345 -63
126 0 209 19 328 76 105 50 184 110 254 195 59 70 134 196 128 213 -2 7 -14
-8 -27 -33z" data-d="0.611"/>
<path d="M8618 2883 c-95 -134 -222 -250 -326 -297 -50 -23 -57 -43 -8 -22 63
26 160 98 232 172 69 71 171 210 161 220 -2 3 -29 -30 -59 -73z" data-d="0.630"/>
<path d="M3890 2819 c-24 -39 -88 -112 -142 -165 -53 -52 -93 -94 -88 -94 14
0 132 105 171 152 40 49 119 162 119 172 0 19 -20 -3 -60 -65z" data-d="0.459"/>
<path d="M8671 2805 c-50 -69 -130 -152 -210 -218 -18 -15 -31 -30 -28 -33 7
-7 112 82 173 147 53 57 130 166 122 174 -2 2 -28 -29 -57 -70z" data-d="0.644"/>
<path d="M8735 2743 c-21 -27 -68 -78 -104 -115 -36 -38 -60 -68 -54 -68 14 0
163 158 186 199 26 44 15 38 -28 -16z" data-d="0.658"/>
<path d="M4536 2761 c-27 -6 -27 -7 -10 -22 11 -9 29 -22 42 -28 23 -12 27
-27 13 -50 -8 -12 -12 -12 -25 -2 -9 7 -23 11 -31 7 -24 -9 -18 -44 11 -63 23
-15 24 -18 10 -28 -26 -19 -18 -29 8 -11 18 11 26 12 28 4 3 -9 6 -9 11 0 5 7
-4 17 -21 26 -38 20 -58 44 -45 57 6 6 16 2 28 -11 10 -11 25 -20 34 -20 11 0
12 3 4 11 -9 9 -9 16 0 30 9 15 8 25 -6 49 -17 28 -17 31 -2 36 13 6 14 8 3
15 -7 5 -15 8 -18 8 -3 -1 -18 -4 -34 -8z m24 -21 c0 -5 -2 -10 -4 -10 -3 0
-8 5 -11 10 -3 6 -1 10 4 10 6 0 11 -4 11 -10z" data-d="0.447"/>
<path d="M8757 2633 c-36 -43 -64 -80 -61 -83 3 -3 19 11 36 30 77 91 100 121
96 125 -2 3 -34 -30 -71 -72z" data-d="0.674"/>
<path d="M3880 2632 c-68 -83 -75 -99 -21 -47 41 39 87 102 80 110 -2 2 -29
-27 -59 -63z" data-d="0.492"/>
<path d="M4663 2645 c4 -22 7 -50 7 -62 0 -13 4 -23 8 -23 10 0 -3 109 -14
118 -4 4 -4 -11 -1 -33z" data-d="0.466"/>
<path d="M7385 2623 c52 -28 165 -72 165 -64 0 9 -163 81 -182 81 -7 -1 0 -8
17 -17z" data-d="0.558"/>
<path d="M8838 2595 c-39 -46 -35 -55 7 -15 33 32 44 51 28 49 -5 0 -20 -15
-35 -34z" data-d="0.687"/>
<path d="M3471 2443 c1 -27 4 -38 6 -25 5 26 39 30 46 5 3 -10 5 1 6 25 1 40
0 42 -29 42 -29 0 -30 -1 -29 -47z m47 25 c-7 -19 -38 -22 -38 -4 0 10 9 16
21 16 12 0 19 -5 17 -12z" data-d="0.544"/>
<path d="M3551 2453 c-1 -34 3 -43 19 -48 12 -4 27 -1 35 5 17 14 21 80 5 80
-5 0 -10 -16 -10 -36 0 -49 -32 -44 -41 6 l-6 35 -2 -42z" data-d="0.538"/>
<path d="M3630 2443 c0 -25 3 -43 8 -39 7 7 8 11 11 37 1 8 6 8 16 -1 20 -16
19 -6 -1 25 -24 37 -34 31 -34 -22z" data-d="0.536"/>
<path d="M3687 2453 c-2 -21 0 -42 4 -47 5 -6 9 10 9 37 0 57 -6 61 -13 10z" data-d="0.532"/>
<path d="M3837 2484 c-13 -13 -7 -61 8 -74 23 -19 47 6 43 44 -2 22 -9 32 -23
34 -12 2 -24 0 -28 -4z m36 -16 c5 -18 -3 -48 -14 -48 -13 0 -22 27 -15 45 7
18 23 20 29 3z" data-d="0.520"/>
<path d="M3910 2475 c-9 -10 -9 -15 -1 -15 6 0 11 -14 11 -31 0 -17 4 -28 10
-24 12 8 13 72 1 79 -5 3 -14 -1 -21 -9z" data-d="0.518"/>
<path d="M5420 2460 l-22 -31 21 -6 c11 -3 21 -10 21 -15 0 -5 4 -7 10 -3 8 5
5 73 -4 82 -2 2 -14 -10 -26 -27z m20 -10 c0 -5 -5 -10 -11 -10 -5 0 -7 5 -4
10 3 6 8 10 11 10 2 0 4 -4 4 -10z" data-d="0.498"/>
<path d="M5477 2483 c-4 -3 -7 -21 -7 -39 0 -33 25 -53 43 -35 5 5 16 7 23 4
8 -3 14 0 14 7 0 6 -4 9 -9 6 -10 -7 -21 17 -21 45 0 19 -29 27 -43 12z m33
-13 c0 -5 -4 -10 -10 -10 -5 0 -10 5 -10 10 0 6 5 10 10 10 6 0 10 -4 10 -10z
m0 -40 c0 -5 -4 -10 -9 -10 -6 0 -13 5 -16 10 -3 6 1 10 9 10 9 0 16 -4 16
-10z" data-d="0.495"/>
<path d="M5577 2483 c-9 -15 -4 -68 6 -75 6 -4 19 -2 30 3 13 7 23 7 33 -1 7
-7 21 -10 29 -6 22 8 19 47 -5 53 -11 3 -20 10 -20 15 0 6 10 8 21 5 16 -4 19
-3 11 5 -14 14 -42 3 -42 -16 0 -8 9 -18 20 -21 21 -7 28 -25 9 -25 -25 0 -49
22 -49 45 0 18 -5 25 -19 25 -11 0 -22 -3 -24 -7z m33 -12 c0 -6 -4 -13 -10
-16 -5 -3 -10 1 -10 9 0 9 5 16 10 16 6 0 10 -4 10 -9z m0 -41 c0 -5 -7 -10
-16 -10 -8 0 -12 5 -9 10 3 6 10 10 16 10 5 0 9 -4 9 -10z" data-d="0.496"/>
<path d="M5707 2483 c-13 -12 -7 -60 8 -73 12 -10 18 -10 30 0 21 18 19 41 -5
47 -11 3 -20 10 -20 15 0 5 10 6 21 3 15 -5 19 -4 15 4 -8 12 -39 15 -49 4z
m38 -44 c10 -15 -1 -23 -20 -15 -9 3 -13 10 -10 16 8 13 22 13 30 -1z" data-d="0.499"/>
<path d="M5770 2451 c0 -43 23 -62 47 -38 18 18 6 47 -19 47 -11 0 -16 4 -13
11 4 6 13 8 21 5 8 -3 14 -1 14 4 0 6 -11 10 -25 10 -22 0 -25 -4 -25 -39z
m40 -22 c0 -5 -7 -9 -15 -9 -15 0 -20 12 -9 23 8 8 24 -1 24 -14z" data-d="0.506"/>
<path d="M5842 2478 c6 -18 28 -21 28 -4 0 9 -7 16 -16 16 -9 0 -14 -5 -12
-12z" data-d="0.503"/>
<path d="M5891 2448 c1 -39 2 -40 8 -13 l7 30 19 -32 c23 -40 35 -34 35 18 0
44 -17 53 -22 12 l-4 -28 -14 28 c-19 39 -30 33 -29 -15z" data-d="0.510"/>
<path d="M3720 2440 c0 -5 23 -10 50 -10 28 0 50 5 50 10 0 6 -22 10 -50 10
-27 0 -50 -4 -50 -10z" data-d="0.532"/>