<svg xmlns="http://www.w3.org/2000/svg" viewBox="0 0 1024 1024" preserveAspectRatio="xMidYMid meet"><g transform="translate(0,1024) scale(0.1,-0.1)" fill="currentColor" stroke="none"><path d="M1344 7796 c-20 -31 -34 -59 -31 -62 3 -4 22 19 42 51 20 31 34 59
32 62 -3 3 -22 -20 -43 -51z"/><path d="M1485 7764 c-68 -102 -175 -305 -175 -331 0 -10 31 41 68 113 38 72
92 166 120 209 29 43 51 83 49 88 -1 5 -29 -31 -62 -79z"/><path d="M1678 7808 c-173 -214 -289 -503 -320 -792 -13 -132 -4 -216 35 -299
29 -62 83 -137 98 -137 6 0 -3 18 -20 39 -17 21 -46 70 -64 108 -31 66 -32 71
-32 203 0 104 5 158 23 238 54 241 144 439 280 615 52 66 52 89 0 25z"/><path d="M1899 7803 c-164 -177 -276 -394 -334 -646 -42 -184 -38 -305 15
-414 31 -63 116 -163 139 -163 8 0 -11 25 -41 55 -140 141 -159 305 -73 606
60 206 161 394 292 538 30 34 53 64 51 67 -3 2 -25 -17 -49 -43z"/><path d="M2087 7748 c-187 -187 -297 -392 -353 -656 -36 -172 -13 -296 71
-390 50 -55 147 -126 165 -120 7 2 -15 20 -47 41 -75 46 -128 103 -160 174
-36 77 -39 156 -14 279 58 280 167 483 364 677 54 53 94 97 87 97 -6 0 -57
-46 -113 -102z"/><path d="M2410 7801 c-185 -120 -315 -265 -406 -456 -73 -153 -98 -246 -98
-370 -1 -128 17 -179 93 -259 58 -60 181 -141 203 -134 7 3 -16 20 -52 39 -83
44 -165 119 -198 183 -25 47 -27 59 -26 171 0 132 20 211 89 362 75 163 232
340 400 449 47 30 85 57 85 60 0 11 -20 1 -90 -45z"/><path d="M2860 7831 c-197 -42 -363 -135 -506 -283 -128 -132 -194 -241 -240
-395 -62 -212 -15 -381 136 -481 81 -54 230 -109 230 -85 0 5 -23 15 -51 21
-129 30 -246 119 -295 224 -25 54 -29 75 -28 148 2 326 282 680 634 802 67 23
181 48 220 48 16 0 32 5 35 10 9 15 -37 11 -135 -9z"/><path d="M3215 7808 c-49 -22 -161 -64 -249 -94 -252 -87 -347 -143 -486 -283
-94 -96 -138 -163 -178 -273 -23 -62 -27 -89 -27 -183 0 -100 2 -115 27 -161
48 -91 132 -150 274 -192 39 -12 78 -29 86 -39 55 -61 51 -338 -8 -537 -14
-50 -19 -94 -8 -84 12 13 55 196 65 283 13 107 7 257 -14 306 -19 47 -56 74
-120 89 -213 50 -316 192 -287 399 27 194 160 384 361 515 104 67 137 82 343
153 153 53 326 126 326 137 0 10 -11 6 -105 -36z"/><path d="M3389 7796 c-164 -84 -503 -281 -624 -361 -215 -143 -312 -275 -322
-439 -9 -141 24 -205 157 -296 68 -46 93 -70 109 -103 62 -128 53 -385 -24
-662 -34 -123 -54 -226 -42 -215 6 6 74 257 93 345 26 119 38 314 25 400 -17
121 -51 180 -136 238 -137 94 -169 144 -169 262 1 165 88 297 287 438 76 55
443 268 630 366 75 40 137 75 137 77 0 10 -24 0 -121 -50z"/><path d="M4136 7841 c5 -5 52 -26 104 -46 244 -93 522 -287 575 -400 23 -50
24 -113 1 -147 -31 -48 -90 -68 -198 -68 -136 0 -241 21 -466 95 -309 101
-403 117 -536 91 -164 -32 -329 -143 -428 -288 -91 -135 -108 -214 -113 -512
-4 -236 -11 -320 -47 -566 -25 -169 -29 -394 -10 -485 52 -240 125 -361 351
-585 164 -162 211 -225 255 -342 39 -104 56 -206 56 -341 0 -147 -20 -272 -59
-373 -69 -178 -166 -292 -362 -429 -233 -161 -274 -192 -345 -258 -90 -84
-155 -168 -204 -267 -41 -84 -75 -178 -66 -187 3 -3 9 3 12 13 64 182 135 298
248 409 80 78 119 107 356 271 317 218 434 438 435 814 0 192 -17 274 -87 420
-49 103 -54 108 -218 270 -234 231 -303 346 -352 580 -26 121 -20 298 17 555
20 138 28 245 34 460 5 154 14 305 21 335 20 91 85 212 156 289 79 85 150 133
257 174 75 29 92 31 197 31 118 0 195 -15 335 -64 265 -93 425 -130 571 -130
239 0 300 182 117 350 -118 108 -364 254 -531 314 -79 28 -91 31 -76 17z"/><path d="M4301 7843 c0 -5 62 -38 137 -75 312 -153 473 -272 533 -393 27 -55
31 -73 27 -118 -8 -99 -72 -151 -206 -167 -147 -19 -327 18 -632 128 -213 77
-315 102 -412 102 -237 -1 -445 -153 -543 -397 -36 -89 -53 -193 -60 -363 -7
-166 -25 -355 -51 -540 -24 -174 -22 -366 4 -463 29 -105 105 -283 152 -356
22 -33 92 -116 156 -183 130 -138 181 -207 229 -312 117 -251 123 -617 15
-895 -40 -103 -133 -244 -203 -306 -28 -26 -135 -103 -237 -170 -334 -220
-451 -363 -525 -640 -14 -55 -29 -108 -31 -117 -3 -10 -1 -18 3 -18 5 0 24 54
42 120 56 204 131 333 263 455 67 60 135 109 379 268 237 155 370 401 399 741
16 189 -10 379 -75 539 -44 106 -112 201 -247 345 -73 77 -148 165 -167 197
-41 67 -104 220 -134 325 -31 108 -29 300 6 570 15 113 32 300 37 415 11 244
27 322 92 448 52 102 165 220 248 260 120 58 252 71 398 41 42 -9 161 -47 265
-85 104 -38 223 -78 265 -88 356 -90 588 -27 587 159 -1 164 -162 309 -574
517 -122 62 -142 70 -140 56z"/><path d="M4430 7845 c0 -2 75 -42 168 -89 205 -105 276 -151 368 -238 135
-129 174 -254 111 -361 -54 -92 -152 -132 -322 -130 -135 1 -270 31 -500 109
-328 112 -340 115 -460 121 -164 8 -260 -24 -361 -119 -65 -61 -107 -125 -146
-221 -46 -112 -57 -178 -68 -377 -5 -102 -16 -237 -25 -300 -62 -464 -58 -572
31 -759 45 -96 102 -176 210 -292 166 -180 234 -286 287 -446 70 -211 97 -500
67 -713 -34 -245 -137 -476 -271 -610 -27 -27 -108 -86 -181 -131 -202 -125
-247 -157 -322 -228 -108 -104 -173 -209 -219 -356 -32 -104 -41 -145 -30
-145 5 0 17 32 26 71 59 244 175 401 412 554 260 168 315 208 353 253 174 211
262 481 262 809 0 217 -47 446 -124 608 -55 115 -119 204 -241 335 -166 180
-247 323 -276 486 -16 92 -7 286 25 519 14 105 27 210 30 235 2 25 3 -20 1
-100 -1 -95 0 -128 5 -95 5 28 9 141 9 253 1 143 6 226 17 280 70 340 284 514
581 472 54 -8 167 -41 316 -92 342 -117 409 -132 592 -133 144 0 152 1 210 28
74 35 100 59 132 121 37 73 31 161 -17 241 -79 130 -209 230 -477 364 -160 80
-173 85 -173 76z"/><path d="M3725 7830 c-72 -18 -128 -42 -319 -137 -236 -118 -378 -203 -527
-315 -184 -138 -255 -230 -279 -359 -18 -95 1 -153 96 -292 83 -120 99 -185
98 -387 0 -173 -8 -223 -89 -565 -35 -149 -43 -335 -21 -465 24 -138 57 -231
163 -455 190 -399 223 -497 223 -656 0 -214 -87 -386 -308 -608 -68 -68 -121
-125 -118 -128 8 -8 185 167 247 245 204 255 247 489 142 772 -20 52 -81 192
-138 310 -186 391 -198 435 -199 685 -1 136 3 198 16 255 73 319 89 399 100
507 14 143 3 274 -32 365 -12 32 -48 98 -80 148 -102 154 -113 238 -48 370 76
156 346 354 776 569 199 100 296 131 406 131 211 0 455 -94 648 -249 91 -72
113 -96 133 -144 30 -71 -5 -117 -103 -138 -76 -15 -179 -1 -352 52 -259 78
-334 93 -460 93 -104 1 -124 -2 -203 -31 -136 -48 -237 -113 -353 -228 -75
-75 -110 -118 -138 -172 -59 -115 -67 -172 -59 -438 6 -251 -1 -348 -45 -605
-20 -122 -26 -190 -26 -315 -1 -185 14 -255 88 -410 73 -155 133 -242 409
-603 84 -109 143 -213 162 -287 33 -129 11 -304 -55 -436 -77 -152 -175 -256
-433 -458 -87 -67 -193 -157 -236 -199 -82 -81 -175 -204 -169 -223 2 -6 20
13 40 43 78 118 189 226 396 385 302 232 430 400 477 622 40 193 -3 344 -158
548 -296 388 -374 504 -432 643 -53 126 -67 188 -72 330 -4 121 -1 160 33 385
38 248 38 253 39 565 1 345 3 361 65 467 39 67 137 172 220 235 78 60 222 131
306 152 131 34 307 13 544 -63 229 -73 382 -90 466 -52 107 49 99 139 -22 250
-128 117 -305 215 -479 266 -100 29 -270 42 -340 25z"/><path d="M3720 7706 c-97 -30 -131 -45 -270 -121 -63 -35 -133 -69 -155 -75
-90 -28 -120 -43 -208 -102 -130 -86 -274 -233 -318 -323 -30 -62 -34 -78 -33
-150 0 -68 6 -98 42 -200 94 -265 95 -420 3 -880 -49 -246 -57 -326 -42 -439
20 -145 87 -302 265 -615 202 -355 248 -476 250 -656 1 -91 -3 -123 -23 -184
-41 -125 -103 -204 -357 -463 -129 -130 -234 -241 -234 -248 0 -15 454 448
504 514 89 118 126 229 126 376 0 194 -39 293 -266 692 -48 84 -111 203 -140
263 -132 276 -141 395 -60 795 86 428 85 566 -7 840 -75 225 -55 337 89 489
115 122 294 245 394 271 25 6 113 47 195 90 166 87 239 114 343 130 164 26
407 -58 515 -178 22 -26 37 -52 37 -68 0 -20 -8 -28 -37 -41 -52 -21 -118 -13
-343 42 -218 53 -281 61 -376 46 -271 -42 -532 -185 -671 -366 -99 -130 -116
-244 -72 -485 19 -103 23 -159 23 -315 -1 -198 2 -180 -70 -565 -22 -121 -20
-296 4 -390 41 -154 116 -299 316 -610 116 -179 200 -350 225 -458 51 -218 9
-410 -126 -577 -27 -33 -138 -140 -248 -237 -202 -179 -354 -332 -355 -356 0
-8 23 13 52 45 76 85 115 122 304 290 262 233 326 311 382 465 37 101 38 273
4 393 -29 99 -101 251 -178 370 -291 457 -349 576 -375 773 -14 105 -6 208 35
422 61 322 66 490 22 756 -30 187 -32 228 -11 309 22 82 68 156 148 236 88 88
184 151 300 198 157 64 248 85 372 86 99 0 129 -5 305 -49 213 -54 293 -62
347 -33 87 46 27 142 -147 236 -148 80 -334 102 -480 57z"/><path d="M3468 7689 c-32 -16 -58 -31 -58 -34 0 -5 112 45 125 56 18 17 -10 8
-67 -22z"/><path d="M3965 6693 c-87 -23 -132 -82 -145 -191 -10 -75 2 -235 26 -350 16
-79 78 -289 88 -299 15 -16 12 8 -10 77 -95 292 -120 594 -56 679 59 79 134
88 352 41 185 -40 364 -70 414 -70 65 0 36 9 -85 26 -63 8 -186 31 -274 50
-157 35 -270 48 -310 37z"/><path d="M3007 6429 c-4 -192 -10 -271 -36 -439 -50 -332 -41 -487 39 -679 74
-180 160 -301 359 -506 125 -128 163 -174 189 -228 52 -106 74 -204 75 -337 1
-134 -13 -215 -55 -323 -68 -176 -176 -294 -454 -492 -250 -179 -360 -290
-454 -457 -17 -32 -30 -63 -28 -70 2 -6 23 24 47 67 50 94 120 183 199 256 63
59 103 89 291 225 219 158 319 264 391 416 56 117 71 184 77 334 6 150 -9 245
-57 351 -44 97 -84 148 -230 293 -153 152 -233 262 -311 424 -112 235 -120
362 -49 816 25 155 40 535 23 565 -8 13 -12 -49 -16 -216z"/><path d="M3942 6620 c-54 -33 -72 -86 -72 -216 0 -120 10 -190 42 -301 30
-105 40 -90 13 20 -51 200 -56 342 -15 433 34 77 89 87 288 50 161 -30 159
-29 147 -17 -15 15 -231 51 -304 51 -49 0 -75 -5 -99 -20z"/><path d="M3982 6585 c-49 -22 -62 -63 -61 -197 1 -62 5 -126 9 -143 4 -17 7
35 6 115 -1 119 2 151 16 176 22 41 33 44 134 44 54 0 83 4 79 10 -9 15 -145
11 -183 -5z"/><path d="M2580 6569 c0 -5 6 -9 14 -9 8 0 24 -12 37 -27 21 -27 21 -33 16
-203 -4 -110 -3 -169 3 -159 5 9 12 83 16 165 8 174 -2 214 -55 232 -19 7 -31
7 -31 1z"/><path d="M1480 6475 c0 -46 16 -63 22 -23 l3 23 21 -22 20 -22 0 37 c0 40 -9
52 -43 52 -21 0 -23 -5 -23 -45z m50 15 c0 -5 -7 -10 -15 -10 -8 0 -15 5 -15
10 0 6 7 10 15 10 8 0 15 -4 15 -10z"/><path d="M1572 6478 c-2 -45 0 -48 23 -48 26 0 45 25 45 59 0 34 -18 24 -22
-11 -2 -21 -9 -34 -20 -36 -13 -3 -18 6 -21 40 l-4 43 -1 -47z"/><path d="M1652 6475 c0 -40 2 -44 7 -20 l6 29 18 -27 c25 -39 37 -33 37 19 0
27 -4 43 -10 39 -5 -3 -10 -16 -10 -28 0 -20 -2 -20 -25 8 l-24 30 1 -50z"/><path d="M1854 6495 c-12 -18 -13 -28 -4 -44 21 -40 68 -13 56 33 -9 34 -33
40 -52 11z m36 -25 c0 -16 -5 -30 -10 -30 -14 0 -24 26 -16 45 10 26 26 16 26
-15z"/><path d="M1930 6500 c-9 -6 -10 -10 -3 -10 6 0 14 -15 16 -32 3 -29 4 -27 5
10 1 23 1 42 0 42 -2 0 -10 -5 -18 -10z"/><path d="M1735 6460 c3 -5 26 -10 51 -10 24 0 44 5 44 10 0 6 -23 10 -51 10
-31 0 -48 -4 -44 -10z"/><path d="M3221 6164 c0 -11 3 -14 6 -6 3 7 2 16 -1 19 -3 4 -6 -2 -5 -13z"/><path d="M3236 5975 c-17 -191 9 -366 71 -488 38 -77 90 -149 196 -276 196
-234 277 -423 323 -751 21 -150 14 -392 -16 -533 -45 -214 -113 -376 -207
-495 -69 -86 -103 -112 -292 -227 -86 -52 -187 -119 -224 -150 -128 -106 -224
-271 -266 -455 -16 -72 5 -42 29 42 72 251 184 381 472 552 73 44 155 95 182
114 236 170 391 659 347 1092 -37 362 -129 581 -353 840 -198 230 -238 332
-247 640 l-6 195 -9 -100z"/><path d="M4038 5673 c-36 -5 -35 -14 1 -36 35 -21 41 -21 41 -2 0 9 -6 12 -17
8 -10 -3 -15 -3 -11 1 5 6 14 9 48 15 3 1 -2 6 -10 11 -8 5 -17 9 -20 8 -3 0
-17 -3 -32 -5z"/><path d="M4092 5583 c-2 -36 -8 -39 -36 -18 -14 11 -23 12 -33 4 -21 -18 -15
-36 20 -63 30 -24 31 -26 9 -26 -13 0 -21 -4 -18 -9 7 -10 54 -2 62 10 3 5
-11 16 -30 26 -22 10 -36 24 -36 35 0 24 9 23 37 -4 29 -27 35 -21 30 33 -3
35 -4 37 -5 12z"/><path d="M3715 5163 c140 -328 197 -589 198 -903 1 -305 -74 -638 -191 -850
-69 -124 -140 -191 -297 -280 -71 -40 -157 -91 -190 -113 -95 -64 -188 -163
-228 -243 -36 -71 -77 -185 -77 -213 0 -28 16 4 39 79 64 208 185 328 503 500
213 115 338 328 419 719 66 318 46 709 -53 1021 -35 111 -116 307 -129 316 -6
3 -3 -11 6 -33z"/><path d="M3359 5163 c6 -12 31 -38 56 -59 103 -84 223 -261 276 -405 117 -319
99 -716 -46 -1005 -92 -185 -157 -250 -387 -392 -149 -93 -282 -196 -337 -261
-97 -116 -186 -306 -207 -441 -11 -71 4 -41 32 61 32 123 109 278 176 355 92
106 120 127 456 344 196 126 338 362 387 645 18 106 21 349 5 450 -43 270
-159 493 -345 659 -43 39 -73 60 -66 49z"/><path d="M2640 5099 c0 -31 45 -151 141 -374 114 -265 139 -351 146 -491 11
-208 -51 -358 -235 -568 -29 -33 -52 -64 -52 -70 1 -14 75 68 150 167 75 98
124 200 144 299 40 194 10 332 -154 708 -40 91 -84 202 -100 248 -28 84 -40
108 -40 81z"/><path d="M2870 4946 c0 -10 60 -126 65 -126 3 0 -9 28 -26 63 -33 65 -39 75
-39 63z"/><path d="M3023 4643 c35 -71 70 -146 80 -168 9 -22 14 -29 11 -15 -7 30 -141
310 -148 310 -3 0 23 -57 57 -127z"/><path d="M2640 4754 c0 -5 22 -64 50 -131 72 -176 100 -287 100 -405 0 -53 -5
-121 -11 -150 -14 -67 -68 -186 -113 -248 -19 -27 -32 -51 -29 -54 10 -9 71
81 109 158 73 150 84 343 29 516 -44 140 -135 351 -135 314z"/><path d="M2490 4598 c0 -7 53 -38 65 -38 3 0 4 4 0 9 -3 5 -1 12 5 16 22 14 8
24 -30 22 -22 -1 -40 -5 -40 -9z"/><path d="M2491 4506 c-16 -19 -3 -44 32 -63 l32 -16 -24 -9 c-13 -4 -22 -11
-19 -13 7 -8 58 13 58 23 0 4 -13 13 -30 19 -30 11 -49 38 -35 51 3 4 12 0 18
-9 14 -18 45 -31 50 -21 2 4 1 18 -4 32 -7 24 -7 24 -8 3 -1 -28 -12 -29 -29
-3 -14 23 -25 25 -41 6z"/><path d="M3141 4354 c0 -11 3 -14 6 -6 3 7 2 16 -1 19 -3 4 -6 -2 -5 -13z"/><path d="M3157 4265 c3 -38 7 -72 9 -74 7 -8 2 94 -6 119 -5 15 -6 -4 -3 -45z"/><path d="M3172 4160 c0 -14 2 -19 5 -12 2 6 2 18 0 25 -3 6 -5 1 -5 -13z"/><path d="M3161 4094 c-2 -73 -43 -183 -111 -304 -18 -31 -22 -44 -11 -30 34
42 109 201 121 260 7 30 10 69 7 85 -3 25 -4 24 -6 -11z"/><path d="M3930 3959 c0 -38 -42 -224 -77 -339 -19 -63 -59 -166 -89 -228 -76
-157 -146 -226 -344 -342 -248 -146 -331 -225 -393 -378 -30 -74 -40 -112 -28
-112 5 0 13 15 16 33 4 17 22 65 41 105 58 128 160 217 428 373 227 133 334
307 426 694 35 149 45 215 31 215 -6 0 -11 -9 -11 -21z"/><path d="M3916 3683 c-28 -116 -82 -267 -132 -363 -74 -144 -158 -228 -320
-321 -217 -125 -341 -247 -396 -391 -29 -77 -6 -55 36 35 51 108 170 228 301
304 169 98 198 118 260 179 101 99 183 255 244 466 37 128 45 168 34 168 -5 0
-18 -35 -27 -77z"/><path d="M2920 3631 c-52 -53 -137 -134 -187 -179 -51 -46 -93 -88 -93 -93 0
-11 177 148 276 248 52 52 113 125 102 122 -2 0 -46 -44 -98 -98z"/><path d="M3921 3530 c-29 -101 -95 -254 -140 -322 -62 -95 -168 -194 -278
-258 -118 -70 -213 -141 -266 -200 -48 -53 -111 -164 -104 -183 3 -7 12 6 22
28 50 118 169 234 336 330 171 98 270 199 349 355 48 95 102 248 97 275 -2 14
-7 6 -16 -25z"/><path d="M3915 3348 c-30 -93 -114 -251 -168 -318 -40 -49 -88 -88 -199 -165
-81 -55 -173 -125 -204 -155 -59 -59 -111 -136 -99 -148 4 -4 10 -2 12 5 12
33 71 108 121 154 31 29 107 85 168 125 134 87 182 128 240 210 71 99 180 344
154 344 -5 0 -16 -24 -25 -52z"/><path d="M3886 3127 c-69 -140 -136 -216 -291 -333 -105 -78 -197 -163 -231
-211 -28 -42 -4 -23 59 44 34 36 114 105 177 152 180 133 254 222 324 390 44
104 22 80 -38 -42z"/><path d="M3901 3004 c-56 -108 -116 -178 -245 -288 -66 -57 -132 -116 -145
-130 -41 -44 -11 -29 43 22 28 26 92 82 142 124 51 42 112 103 136 135 57 75
110 169 106 188 -2 8 -18 -15 -37 -51z"/><path d="M3890 2819 c-24 -39 -88 -112 -142 -165 -53 -52 -93 -94 -88 -94 14
0 132 105 171 152 40 49 119 162 119 172 0 19 -20 -3 -60 -65z"/><path d="M3880 2632 c-68 -83 -75 -99 -21 -47 41 39 87 102 80 110 -2 2 -29
-27 -59 -63z"/><path d="M3471 2443 c1 -27 4 -38 6 -25 5 26 39 30 46 5 3 -10 5 1 6 25 1 40
0 42 -29 42 -29 0 -30 -1 -29 -47z m47 25 c-7 -19 -38 -22 -38 -4 0 10 9 16
21 16 12 0 19 -5 17 -12z"/><path d="M3551 2453 c-1 -34 3 -43 19 -48 12 -4 27 -1 35 5 17 14 21 80 5 80
-5 0 -10 -16 -10 -36 0 -49 -32 -44 -41 6 l-6 35 -2 -42z"/><path d="M3630 2443 c0 -25 3 -43 8 -39 7 7 8 11 11 37 1 8 6 8 16 -1 20 -16
19 -6 -1 25 -24 37 -34 31 -34 -22z"/><path d="M3687 2453 c-2 -21 0 -42 4 -47 5 -6 9 10 9 37 0 57 -6 61 -13 10z"/><path d="M3837 2484 c-13 -13 -7 -61 8 -74 23 -19 47 6 43 44 -2 22 -9 32 -23
34 -12 2 -24 0 -28 -4z m36 -16 c5 -18 -3 -48 -14 -48 -13 0 -22 27 -15 45 7
18 23 20 29 3z"/><path d="M3910 2475 c-9 -10 -9 -15 -1 -15 6 0 11 -14 11 -31 0 -17 4 -28 10
-24 12 8 13 72 1 79 -5 3 -14 -1 -21 -9z"/><path d="M3720 2440 c0 -5 23 -10 50 -10 28 0 50 5 50 10 0 6 -22 10 -50 10
-27 0 -50 -4 -50 -10z"/></g></svg>